#	A	C	D	E	F	G	H	I	K	L	M	N	P	Q	R	S	T	V	W	Y
tr|Q9M340|Q9M340_ARATH	0.08896797153024912	0.028469750889679714	0.03914590747330961	0.03914590747330961	0.014234875444839857	0.042704626334519574	0.03558718861209965	0.02491103202846975	0.10320284697508897	0.08185053380782918	0.021352313167259787	0.06761565836298933	0.0711743772241993	0.05338078291814947	0.042704626334519574	0.10320284697508897	0.0498220640569395	0.05338078291814947	0.0071174377224199285	0.03202846975088968
tr|A0A178VB25|A0A178VB25_ARATH	0.05415162454873646	0.010830324909747292	0.05054151624548736	0.09386281588447654	0.04693140794223827	0.061371841155234655	0.01444043321299639	0.02888086642599278	0.06859205776173286	0.07581227436823104	0.02888086642599278	0.04332129963898917	0.05776173285198556	0.05415162454873646	0.05054151624548736	0.11913357400722022	0.05776173285198556	0.02527075812274368	0.02888086642599278	0.02888086642599278
sp|P61827|DRE2G_ARATH	0.04234527687296417	0.03257328990228013	0.048859934853420196	0.0781758957654723	0.029315960912052116	0.11074918566775244	0.029315960912052116	0.009771986970684038	0.06188925081433225	0.08794788273615635	0.029315960912052116	0.06188925081433225	0.03257328990228013	0.048859934853420196	0.05537459283387622	0.10423452768729642	0.04560260586319218	0.03908794788273615	0.029315960912052116	0.02280130293159609
tr|D7LGY4|D7LGY4_ARALL	0.050102249488752554	0.011247443762781187	0.0869120654396728	0.07157464212678936	0.02965235173824131	0.08588957055214724	0.02965235173824131	0.06339468302658487	0.0736196319018405	0.06441717791411043	0.03169734151329243	0.041922290388548056	0.05214723926380368	0.02044989775051125	0.06032719836400818	0.0705521472392638	0.04294478527607362	0.08077709611451943	0.010224948875255624	0.022494887525562373
sp|Q93ZT6|IF4G1_ARATH	0.06153846153846154	0.008974358974358974	0.04487179487179487	0.08205128205128205	0.029487179487179487	0.08461538461538462	0.008974358974358974	0.04230769230769231	0.06153846153846154	0.1064102564102564	0.02435897435897436	0.03717948717948718	0.07307692307692308	0.04358974358974359	0.07051282051282051	0.09358974358974359	0.03717948717948718	0.06794871794871794	0.007692307692307693	0.014102564102564103
sp|O82233|IF4G2_ARATH	0.05756358768406961	0.013386880856760375	0.0428380187416332	0.08969210174029452	0.029451137884872823	0.08165997322623829	0.01606425702811245	0.04685408299866131	0.06693440428380187	0.10575635876840696	0.028112449799196786	0.04551539491298527	0.06827309236947791	0.050870147255689425	0.06693440428380187	0.07764390896921017	0.03614457831325301	0.05756358768406961	0.0107095046854083	0.008032128514056224
sp|Q8L633|RNZ2_ARATH	0.06497175141242938	0.00847457627118644	0.025423728813559324	0.0847457627118644	0.03954802259887006	0.0480225988700565	0.0480225988700565	0.0903954802259887	0.07062146892655367	0.07909604519774012	0.011299435028248588	0.01977401129943503	0.05649717514124294	0.03954802259887006	0.05649717514124294	0.08757062146892655	0.05367231638418079	0.07909604519774012	0.002824858757062147	0.03389830508474576
tr|A0A178VHV6|A0A178VHV6_ARATH	0.056074766355140186	0.009345794392523364	0.04672897196261682	0.056074766355140186	0.056074766355140186	0.08411214953271028	0.009345794392523364	0.07476635514018691	0.037383177570093455	0.07476635514018691	0.009345794392523364	0.06542056074766354	0.037383177570093455	0.037383177570093455	0.04672897196261682	0.09345794392523364	0.09345794392523364	0.08411214953271028	0.009345794392523364	0.018691588785046728
sp|Q0WW55|ZEUS1_ARATH	0.057034220532319393	0.019011406844106463	0.049429657794676805	0.07604562737642585	0.034220532319391636	0.060836501901140684	0.011406844106463879	0.045627376425855515	0.06844106463878327	0.11026615969581749	0.019011406844106463	0.022813688212927757	0.034220532319391636	0.03802281368821293	0.06844106463878327	0.13688212927756654	0.03802281368821293	0.060836501901140684	0.019011406844106463	0.030418250950570342
tr|A0A178VVG9|A0A178VVG9_ARATH	0.028169014084507043	0.008450704225352112	0.1267605633802817	0.11549295774647887	0.022535211267605635	0.04788732394366197	0.028169014084507043	0.03380281690140845	0.08169014084507042	0.07605633802816901	0.02535211267605634	0.028169014084507043	0.036619718309859155	0.022535211267605635	0.16338028169014085	0.03380281690140845	0.04225352112676056	0.036619718309859155	0.005633802816901409	0.036619718309859155
sp|O22137|PP202_ARATH	0.052202283849918436	0.026101141924959218	0.05872756933115824	0.053833605220228384	0.04567699836867863	0.07177814029363784	0.03915171288743882	0.06851549755301795	0.0636215334420881	0.11419249592169657	0.052202283849918436	0.03099510603588907	0.026101141924959218	0.022838499184339316	0.04404567699836868	0.0864600326264274	0.03099510603588907	0.06851549755301795	0.01468189233278956	0.02936378466557912
tr|A0A1P8AU24|A0A1P8AU24_ARATH	0.05741626794258373	0.009569377990430622	0.03827751196172249	0.07177033492822966	0.03827751196172249	0.06220095693779904	0.023923444976076555	0.06698564593301436	0.04784688995215311	0.11961722488038277	0.028708133971291867	0.03349282296650718	0.08133971291866028	0.03349282296650718	0.07177033492822966	0.04784688995215311	0.04784688995215311	0.07655502392344497	0.023923444976076555	0.019138755980861243
tr|A0A178W7J7|A0A178W7J7_ARATH	0.04747774480712166	0.009749894022891056	0.05341246290801187	0.06316235693090293	0.043662568885120816	0.047901653242899536	0.0317931326833404	0.05510809665112336	0.06824925816023739	0.10597710894446799	0.02967359050445104	0.04917337855023315	0.06061890631623569	0.041966935142009325	0.061466723187791436	0.05129292072912251	0.05637982195845697	0.05637982195845697	0.02543450614667232	0.04111911827045358
tr|A0A178UDE2|A0A178UDE2_ARATH	0.05555555555555555	0.012962962962962963	0.07037037037037037	0.08148148148148149	0.044444444444444446	0.07037037037037037	0.012962962962962963	0.037037037037037035	0.10185185185185185	0.07777777777777778	0.025925925925925925	0.025925925925925925	0.04814814814814815	0.025925925925925925	0.06851851851851852	0.08333333333333333	0.04259259259259259	0.06481481481481481	0.014814814814814815	0.03518518518518519
tr|D7KL19|D7KL19_ARALL	0.061079545454545456	0.019886363636363636	0.05113636363636364	0.08522727272727272	0.029829545454545456	0.052556818181818184	0.022727272727272728	0.056818181818181816	0.07954545454545454	0.09517045454545454	0.028409090909090908	0.03551136363636364	0.026988636363636364	0.048295454545454544	0.05539772727272727	0.10369318181818182	0.03977272727272727	0.07244318181818182	0.005681818181818182	0.029829545454545456
sp|F4IE66|PRP22_ARATH	0.07112970711297072	0.011157601115760111	0.04741980474198047	0.07531380753138076	0.043235704323570434	0.058577405857740586	0.022315202231520222	0.06694560669456066	0.06694560669456066	0.09623430962343096	0.01813110181311018	0.03207810320781032	0.04881450488145049	0.04881450488145049	0.06694560669456066	0.07810320781032078	0.04741980474198047	0.0697350069735007	0.002789400278940028	0.02789400278940028
tr|A0A1P8ATW0|A0A1P8ATW0_ARATH	0.05197132616487455	0.014336917562724014	0.06272401433691756	0.06451612903225806	0.026881720430107527	0.05913978494623656	0.012544802867383513	0.07526881720430108	0.05197132616487455	0.10752688172043011	0.01971326164874552	0.03225806451612903	0.053763440860215055	0.03942652329749104	0.06630824372759857	0.08960573476702509	0.05017921146953405	0.08422939068100359	0.0035842293906810036	0.034050179211469536
sp|O22899|PRP43_ARATH	0.0644718792866941	0.015089163237311385	0.05898491083676269	0.07133058984910837	0.037037037037037035	0.053497942386831275	0.019204389574759947	0.04526748971193416	0.06310013717421124	0.10150891632373114	0.03017832647462277	0.05761316872427984	0.05212620027434842	0.03292181069958848	0.06584362139917696	0.05898491083676269	0.05212620027434842	0.07818930041152264	0.00823045267489712	0.03429355281207133
tr|Q39216|Q39216_ARATH	0.05974025974025974	0.01818181818181818	0.05714285714285714	0.09610389610389611	0.04415584415584416	0.05194805194805195	0.025974025974025976	0.06493506493506493	0.07272727272727272	0.08571428571428572	0.01818181818181818	0.04415584415584416	0.05714285714285714	0.02077922077922078	0.05714285714285714	0.05974025974025974	0.05974025974025974	0.08311688311688312	0.01038961038961039	0.012987012987012988
tr|A0A1P8BCU4|A0A1P8BCU4_ARATH	0.06754966887417219	0.010596026490066225	0.06754966887417219	0.10066225165562914	0.02913907284768212	0.054304635761589407	0.02384105960264901	0.05033112582781457	0.060927152317880796	0.07682119205298013	0.026490066225165563	0.03708609271523179	0.04768211920529802	0.03708609271523179	0.09933774834437085	0.07682119205298013	0.0423841059602649	0.052980132450331126	0.013245033112582781	0.025165562913907286
sp|Q9FHJ6|RFA1C_ARATH	0.06096131301289566	0.021101992966002344	0.05041031652989449	0.05627198124267292	0.032825322391559206	0.08206330597889801	0.016412661195779603	0.05275498241500586	0.04689331770222743	0.053927315357561546	0.023446658851113716	0.0668229777256741	0.0492379835873388	0.06213364595545135	0.06213364595545135	0.09026963657678781	0.05509964830011723	0.07268464243845252	0.007033997655334115	0.03751465416178194
tr|B3H5R1|B3H5R1_ARATH	0.09061488673139159	0.003236245954692557	0.09061488673139159	0.0970873786407767	0.02912621359223301	0.07766990291262135	0.02912621359223301	0.03559870550161812	0.1553398058252427	0.05501618122977346	0.022653721682847898	0.042071197411003236	0.02912621359223301	0.025889967637540454	0.045307443365695796	0.06472491909385113	0.045307443365695796	0.038834951456310676	0.006472491909385114	0.016181229773462782
tr|A0A1P8APR4|A0A1P8APR4_ARATH	0.0392156862745098	0.0	0.049019607843137254	0.04411764705882353	0.00980392156862745	0.06372549019607843	0.024509803921568627	0.014705882352941176	0.024509803921568627	0.029411764705882353	0.014705882352941176	0.00980392156862745	0.12745098039215685	0.014705882352941176	0.25	0.19607843137254902	0.024509803921568627	0.0196078431372549	0.0	0.04411764705882353
tr|D7MAW9|D7MAW9_ARALL	0.046531302876480544	0.01692047377326565	0.07106598984771574	0.08840947546531303	0.032148900169204735	0.06175972927241963	0.02622673434856176	0.04103214890016921	0.07571912013536379	0.07825719120135363	0.01734348561759729	0.038917089678511	0.04483925549915398	0.0338409475465313	0.07148900169204737	0.1044839255499154	0.03849407783417936	0.05922165820642978	0.015228426395939087	0.03807106598984772
tr|A0A1I9LRK2|A0A1I9LRK2_ARATH	0.08281573498964803	0.012422360248447204	0.06625258799171843	0.057971014492753624	0.045548654244306416	0.055900621118012424	0.018633540372670808	0.039337474120082816	0.10351966873706005	0.07660455486542443	0.022774327122153208	0.026915113871635612	0.07453416149068323	0.053830227743271224	0.041407867494824016	0.09730848861283643	0.045548654244306416	0.047619047619047616	0.008281573498964804	0.022774327122153208
tr|B9DGY4|B9DGY4_ARATH	0.05785123966942149	0.008264462809917356	0.03305785123966942	0.0743801652892562	0.024793388429752067	0.03305785123966942	0.01652892561983471	0.024793388429752067	0.18181818181818182	0.09917355371900827	0.024793388429752067	0.008264462809917356	0.008264462809917356	0.03305785123966942	0.06611570247933884	0.1322314049586777	0.09090909090909091	0.05785123966942149	0.008264462809917356	0.01652892561983471
tr|Q9LU97|Q9LU97_ARATH	0.07563025210084033	0.06722689075630252	0.03361344537815126	0.11764705882352941	0.03361344537815126	0.04201680672268908	0.025210084033613446	0.05042016806722689	0.09243697478991597	0.06722689075630252	0.01680672268907563	0.025210084033613446	0.03361344537815126	0.03361344537815126	0.058823529411764705	0.05042016806722689	0.1092436974789916	0.025210084033613446	0.0	0.04201680672268908
sp|B0M1H3|ZIP4L_ARATH	0.10042735042735043	0.022435897435897436	0.049145299145299144	0.06944444444444445	0.0438034188034188	0.056623931623931624	0.022435897435897436	0.05448717948717949	0.06623931623931624	0.12286324786324786	0.022435897435897436	0.03311965811965812	0.02564102564102564	0.030982905982905984	0.04807692307692308	0.08974358974358974	0.05235042735042735	0.05128205128205128	0.011752136752136752	0.026709401709401708
sp|Q9FIF7|PP435_ARATH	0.06066176470588235	0.025735294117647058	0.05514705882352941	0.07352941176470588	0.04411764705882353	0.0625	0.029411764705882353	0.07536764705882353	0.04595588235294118	0.0900735294117647	0.042279411764705885	0.05698529411764706	0.02389705882352941	0.02022058823529412	0.06433823529411764	0.08088235294117647	0.03308823529411765	0.08088235294117647	0.0055147058823529415	0.029411764705882353
tr|F4JQU1|F4JQU1_ARATH	0.059447983014861996	0.021231422505307854	0.04670912951167728	0.05732484076433121	0.01910828025477707	0.07855626326963906	0.02335456475583864	0.08917197452229299	0.08067940552016985	0.08280254777070063	0.03397027600849257	0.040339702760084924	0.055201698513800426	0.040339702760084924	0.04246284501061571	0.05307855626326964	0.06581740976645435	0.08917197452229299	0.0021231422505307855	0.01910828025477707
tr|Q9LU57|Q9LU57_ARATH	0.0456140350877193	0.02456140350877193	0.07017543859649122	0.05263157894736842	0.042105263157894736	0.04912280701754386	0.03508771929824561	0.06315789473684211	0.07017543859649122	0.11228070175438597	0.007017543859649123	0.03859649122807018	0.06666666666666667	0.02456140350877193	0.05263157894736842	0.09473684210526316	0.03508771929824561	0.08771929824561403	0.007017543859649123	0.021052631578947368
tr|D7LKJ0|D7LKJ0_ARALL	0.06053811659192825	0.01569506726457399	0.05605381165919283	0.06502242152466367	0.05829596412556054	0.053811659192825115	0.01569506726457399	0.06053811659192825	0.06278026905829596	0.08968609865470852	0.02466367713004484	0.042600896860986545	0.04932735426008968	0.04035874439461883	0.02914798206278027	0.09417040358744394	0.06053811659192825	0.06950672645739911	0.020179372197309416	0.03139013452914798
tr|D7LHR5|D7LHR5_ARALL	0.0783132530120482	0.024096385542168676	0.04819277108433735	0.07630522088353414	0.04819277108433735	0.07228915662650602	0.018072289156626505	0.04618473895582329	0.05220883534136546	0.10240963855421686	0.018072289156626505	0.028112449799196786	0.060240963855421686	0.040160642570281124	0.04819277108433735	0.06626506024096386	0.05823293172690763	0.07228915662650602	0.012048192771084338	0.030120481927710843
tr|D7MRX8|D7MRX8_ARALL	0.03374233128834356	0.009202453987730062	0.046012269938650305	0.0705521472392638	0.049079754601226995	0.05214723926380368	0.03680981595092025	0.03680981595092025	0.0705521472392638	0.03680981595092025	0.018404907975460124	0.07975460122699386	0.06748466257668712	0.05521472392638037	0.046012269938650305	0.12883435582822086	0.05214723926380368	0.05214723926380368	0.003067484662576687	0.05521472392638037
sp|P49047|VPEA_ARATH	0.06903765690376569	0.016736401673640166	0.058577405857740586	0.06903765690376569	0.03556485355648536	0.08368200836820083	0.029288702928870293	0.04184100418410042	0.058577405857740586	0.09205020920502092	0.02301255230125523	0.056485355648535567	0.0502092050209205	0.02510460251046025	0.03138075313807531	0.08577405857740586	0.04184100418410042	0.07531380753138076	0.014644351464435146	0.04184100418410042
sp|Q8GUM3|AAP5_ARATH	0.07708333333333334	0.020833333333333332	0.03333333333333333	0.022916666666666665	0.06458333333333334	0.08125	0.0125	0.07083333333333333	0.03958333333333333	0.08333333333333333	0.027083333333333334	0.03958333333333333	0.03958333333333333	0.03958333333333333	0.027083333333333334	0.07708333333333334	0.06666666666666667	0.11666666666666667	0.022916666666666665	0.0375
sp|P32069|TRPX_ARATH	0.06763285024154589	0.011272141706924315	0.05958132045088567	0.07729468599033816	0.04508856682769726	0.05314009661835749	0.028985507246376812	0.05636070853462158	0.06280193236714976	0.08856682769726248	0.024154589371980676	0.030595813204508857	0.0644122383252818	0.02254428341384863	0.06280193236714976	0.08051529790660225	0.0499194847020934	0.07890499194847021	0.00966183574879227	0.02576489533011272
sp|Q9STJ7|BH118_ARATH	0.03680981595092025	0.012269938650306749	0.06134969325153374	0.06748466257668712	0.018404907975460124	0.03680981595092025	0.024539877300613498	0.07975460122699386	0.05521472392638037	0.15337423312883436	0.018404907975460124	0.049079754601226995	0.018404907975460124	0.049079754601226995	0.0736196319018405	0.09815950920245399	0.03067484662576687	0.07975460122699386	0.006134969325153374	0.03067484662576687
sp|Q9STJ6|BH126_ARATH	0.04524886877828054	0.004524886877828055	0.05429864253393665	0.07239819004524888	0.02262443438914027	0.08597285067873303	0.027149321266968326	0.03619909502262444	0.08144796380090498	0.09502262443438914	0.02262443438914027	0.04072398190045249	0.04524886877828054	0.04524886877828054	0.06334841628959276	0.09502262443438914	0.06334841628959276	0.07239819004524888	0.004524886877828055	0.02262443438914027
tr|A0A1P8BCN7|A0A1P8BCN7_ARATH	0.030456852791878174	0.03553299492385787	0.07106598984771574	0.06598984771573604	0.015228426395939087	0.050761421319796954	0.015228426395939087	0.050761421319796954	0.06091370558375635	0.1218274111675127	0.05583756345177665	0.04060913705583756	0.01015228426395939	0.04060913705583756	0.1065989847715736	0.09644670050761421	0.030456852791878174	0.07614213197969544	0.0	0.025380710659898477
tr|A0A1P8BH30|A0A1P8BH30_ARATH	0.03937007874015748	0.011811023622047244	0.027559055118110236	0.06692913385826772	0.023622047244094488	0.04330708661417323	0.027559055118110236	0.047244094488188976	0.07874015748031496	0.1141732283464567	0.027559055118110236	0.031496062992125984	0.05511811023622047	0.03937007874015748	0.09448818897637795	0.1220472440944882	0.051181102362204724	0.07086614173228346	0.007874015748031496	0.01968503937007874
sp|Q39044|VPEB_ARATH	0.0720164609053498	0.018518518518518517	0.053497942386831275	0.06584362139917696	0.02263374485596708	0.0823045267489712	0.037037037037037035	0.0411522633744856	0.059670781893004114	0.08847736625514403	0.03292181069958848	0.051440329218107	0.051440329218107	0.0205761316872428	0.03497942386831276	0.06995884773662552	0.05761316872427984	0.0720164609053498	0.00823045267489712	0.059670781893004114
sp|Q39061|CP33_ARATH	0.08814589665653495	0.00911854103343465	0.030395136778115502	0.1276595744680851	0.04559270516717325	0.0790273556231003	0.0121580547112462	0.03343465045592705	0.03343465045592705	0.057750759878419454	0.0182370820668693	0.057750759878419454	0.0364741641337386	0.03343465045592705	0.0547112462006079	0.11550151975683891	0.0547112462006079	0.0851063829787234	0.00303951367781155	0.0243161094224924
sp|P37107|SR54C_ARATH	0.09042553191489362	0.008865248226950355	0.04964539007092199	0.07092198581560284	0.028368794326241134	0.09219858156028368	0.0035460992907801418	0.04609929078014184	0.0851063829787234	0.08687943262411348	0.04609929078014184	0.02304964539007092	0.03900709219858156	0.0425531914893617	0.06560283687943262	0.0673758865248227	0.04609929078014184	0.09397163120567376	0.005319148936170213	0.008865248226950355
sp|Q9LKA5|MORF8_ARATH	0.06329113924050633	0.007594936708860759	0.0379746835443038	0.0379746835443038	0.02278481012658228	0.10632911392405063	0.020253164556962026	0.027848101265822784	0.027848101265822784	0.05063291139240506	0.02531645569620253	0.0810126582278481	0.16962025316455695	0.04556962025316456	0.07088607594936709	0.08354430379746836	0.02531645569620253	0.0379746835443038	0.010126582278481013	0.04810126582278481
sp|Q9STG2|COPT2_ARATH	0.08227848101265822	0.0189873417721519	0.03164556962025317	0.0189873417721519	0.06329113924050633	0.08227848101265822	0.04430379746835443	0.0379746835443038	0.03164556962025317	0.0949367088607595	0.0759493670886076	0.02531645569620253	0.06329113924050633	0.012658227848101266	0.012658227848101266	0.11392405063291139	0.0759493670886076	0.06962025316455696	0.0189873417721519	0.02531645569620253
sp|Q9S6Z7|CYSD1_ARATH	0.08950617283950617	0.012345679012345678	0.046296296296296294	0.08024691358024691	0.021604938271604937	0.10493827160493827	0.012345679012345678	0.08950617283950617	0.07098765432098765	0.08950617283950617	0.024691358024691357	0.037037037037037035	0.046296296296296294	0.021604938271604937	0.030864197530864196	0.07407407407407407	0.05555555555555555	0.07098765432098765	0.0030864197530864196	0.018518518518518517
sp|Q9M001|CDS5_ARATH	0.07268170426065163	0.02756892230576441	0.03258145363408521	0.03007518796992481	0.06015037593984962	0.09273182957393483	0.015037593984962405	0.07518796992481203	0.042606516290726815	0.11278195488721804	0.015037593984962405	0.020050125313283207	0.05263157894736842	0.03007518796992481	0.05263157894736842	0.10526315789473684	0.05012531328320802	0.07268170426065163	0.015037593984962405	0.02506265664160401
sp|B9DFZ0|NTH2_ARATH	0.07772020725388601	0.025906735751295335	0.03367875647668394	0.07253886010362694	0.018134715025906734	0.05699481865284974	0.02072538860103627	0.06217616580310881	0.09326424870466321	0.08808290155440414	0.015544041450777202	0.03367875647668394	0.05958549222797927	0.02072538860103627	0.05699481865284974	0.09844559585492228	0.07772020725388601	0.05699481865284974	0.012953367875647668	0.018134715025906734
sp|Q8GYN9|MENB_ARATH	0.09198813056379822	0.011869436201780416	0.0712166172106825	0.05934718100890208	0.04451038575667656	0.09198813056379822	0.026706231454005934	0.05341246290801187	0.05341246290801187	0.07418397626112759	0.02967359050445104	0.03560830860534125	0.04451038575667656	0.020771513353115726	0.07418397626112759	0.05637982195845697	0.05637982195845697	0.07418397626112759	0.008902077151335312	0.020771513353115726
tr|D7MBY6|D7MBY6_ARALL	0.04240282685512368	0.0176678445229682	0.053003533568904596	0.07420494699646643	0.02120141342756184	0.06007067137809187	0.02120141342756184	0.01060070671378092	0.06713780918727916	0.1166077738515901	0.03180212014134275	0.04240282685512368	0.04946996466431095	0.053003533568904596	0.07773851590106007	0.12367491166077739	0.0706713780918728	0.045936395759717315	0.01060070671378092	0.01060070671378092
tr|D7M071|D7M071_ARALL	0.06914893617021277	0.026595744680851064	0.05851063829787234	0.06382978723404255	0.010638297872340425	0.09574468085106383	0.023936170212765957	0.06648936170212766	0.05851063829787234	0.1276595744680851	0.031914893617021274	0.023936170212765957	0.034574468085106384	0.023936170212765957	0.05585106382978723	0.08776595744680851	0.026595744680851064	0.09308510638297872	0.0	0.02127659574468085
tr|D7M6K4|D7M6K4_ARALL	0.08347529812606473	0.010221465076660987	0.05110732538330494	0.09028960817717206	0.034071550255536626	0.034071550255536626	0.03236797274275979	0.04258943781942078	0.09369676320272573	0.10732538330494037	0.02385008517887564	0.034071550255536626	0.05110732538330494	0.04088586030664395	0.06132879045996593	0.05792163543441227	0.034071550255536626	0.06984667802385008	0.0068143100511073255	0.04088586030664395
tr|D7MGU7|D7MGU7_ARALL	0.056179775280898875	0.017478152309612985	0.06367041198501873	0.052434456928838954	0.031210986267166042	0.08739076154806492	0.02372034956304619	0.062421972534332085	0.052434456928838954	0.052434456928838954	0.02122347066167291	0.049937578027465665	0.04868913857677903	0.049937578027465665	0.0599250936329588	0.09612983770287141	0.06741573033707865	0.07116104868913857	0.00749063670411985	0.02871410736579276
tr|D7MLN3|D7MLN3_ARALL	0.09745127436281859	0.017991004497751123	0.04872563718140929	0.07496251874062969	0.03973013493253373	0.05547226386806597	0.017991004497751123	0.046476761619190406	0.0734632683658171	0.1191904047976012	0.02848575712143928	0.044977511244377814	0.03073463268365817	0.03223388305847077	0.05322338830584707	0.08470764617691154	0.05022488755622189	0.050974512743628186	0.010494752623688156	0.022488755622188907
tr|D7KWZ0|D7KWZ0_ARALL	0.06077348066298342	0.022099447513812154	0.016574585635359115	0.049723756906077346	0.03314917127071823	0.06629834254143646	0.03314917127071823	0.049723756906077346	0.0718232044198895	0.06629834254143646	0.03314917127071823	0.04419889502762431	0.09392265193370165	0.03867403314917127	0.04419889502762431	0.13259668508287292	0.0718232044198895	0.03867403314917127	0.0055248618784530384	0.027624309392265192
tr|D7L0A8|D7L0A8_ARALL	0.0539568345323741	0.02158273381294964	0.0539568345323741	0.050359712230215826	0.04316546762589928	0.07194244604316546	0.03237410071942446	0.046762589928057555	0.03597122302158273	0.06115107913669065	0.04316546762589928	0.0539568345323741	0.0539568345323741	0.05755395683453238	0.050359712230215826	0.07194244604316546	0.08633093525179857	0.07553956834532374	0.007194244604316547	0.02877697841726619
tr|D7LT47|D7LT47_ARALL	0.06726457399103139	0.008968609865470852	0.04035874439461883	0.04484304932735426	0.03587443946188341	0.08520179372197309	0.05829596412556054	0.053811659192825115	0.04932735426008968	0.05829596412556054	0.07174887892376682	0.053811659192825115	0.07174887892376682	0.04932735426008968	0.06278026905829596	0.08071748878923767	0.04484304932735426	0.04932735426008968	0.0	0.013452914798206279
tr|D7M833|D7M833_ARALL	0.09243697478991597	0.004201680672268907	0.0546218487394958	0.06302521008403361	0.0273109243697479	0.06302521008403361	0.018907563025210083	0.06722689075630252	0.052521008403361345	0.09873949579831932	0.02100840336134454	0.04201680672268908	0.03991596638655462	0.031512605042016806	0.06092436974789916	0.06932773109243698	0.07563025210084033	0.08823529411764706	0.0063025210084033615	0.023109243697478993
tr|D7MDT6|D7MDT6_ARALL	0.08465608465608465	0.005291005291005291	0.0582010582010582	0.07936507936507936	0.042328042328042326	0.05555555555555555	0.031746031746031744	0.0582010582010582	0.06878306878306878	0.09788359788359788	0.0291005291005291	0.037037037037037035	0.03439153439153439	0.0291005291005291	0.07142857142857142	0.06349206349206349	0.03439153439153439	0.09523809523809523	0.005291005291005291	0.018518518518518517
tr|D7M900|D7M900_ARALL	0.06382978723404255	0.029787234042553193	0.02553191489361702	0.059574468085106386	0.05531914893617021	0.06808510638297872	0.029787234042553193	0.07659574468085106	0.05531914893617021	0.10638297872340426	0.01276595744680851	0.029787234042553193	0.03404255319148936	0.029787234042553193	0.06808510638297872	0.09787234042553192	0.029787234042553193	0.06382978723404255	0.02553191489361702	0.03829787234042553
tr|D7MKI1|D7MKI1_ARALL	0.05704697986577181	0.013422818791946308	0.07718120805369127	0.06879194630872483	0.04530201342281879	0.028523489932885907	0.018456375838926176	0.05201342281879195	0.07046979865771812	0.11912751677852348	0.028523489932885907	0.04194630872483222	0.015100671140939598	0.06040268456375839	0.04194630872483222	0.10738255033557047	0.06040268456375839	0.05201342281879195	0.01174496644295302	0.030201342281879196
tr|D7MUG5|D7MUG5_ARALL	0.0554675118858954	0.014263074484944533	0.05229793977812995	0.07448494453248812	0.03486529318541997	0.05229793977812995	0.00792393026941363	0.0554675118858954	0.08240887480190175	0.06814580031695722	0.02694136291600634	0.05705229793977813	0.039619651347068144	0.039619651347068144	0.044374009508716325	0.1109350237717908	0.06339144215530904	0.08240887480190175	0.011093502377179081	0.02694136291600634
tr|D7KW72|D7KW72_ARALL	0.050341296928327645	0.026450511945392493	0.05460750853242321	0.06143344709897611	0.030716723549488054	0.05802047781569966	0.030716723549488054	0.05802047781569966	0.07423208191126279	0.08959044368600683	0.02218430034129693	0.04948805460750853	0.03924914675767918	0.040955631399317405	0.05546075085324232	0.09982935153583618	0.05546075085324232	0.06569965870307168	0.00938566552901024	0.028156996587030716
tr|D7KT64|D7KT64_ARALL	0.09090909090909091	0.12121212121212122	0.030303030303030304	0.010101010101010102	0.010101010101010102	0.0707070707070707	0.020202020202020204	0.04040404040404041	0.08080808080808081	0.10101010101010101	0.010101010101010102	0.030303030303030304	0.04040404040404041	0.04040404040404041	0.09090909090909091	0.06060606060606061	0.050505050505050504	0.050505050505050504	0.0	0.050505050505050504
tr|D7MG11|D7MG11_ARALL	0.051094890510948905	0.08029197080291971	0.021897810218978103	0.051094890510948905	0.0364963503649635	0.06569343065693431	0.0364963503649635	0.0072992700729927005	0.06569343065693431	0.11678832116788321	0.021897810218978103	0.051094890510948905	0.06569343065693431	0.043795620437956206	0.10948905109489052	0.072992700729927	0.0364963503649635	0.0364963503649635	0.0	0.029197080291970802
sp|Q9FWY7|IMPA6_ARATH	0.07992565055762081	0.013011152416356878	0.05390334572490706	0.08178438661710037	0.031598513011152414	0.06319702602230483	0.01486988847583643	0.06505576208178439	0.048327137546468404	0.09665427509293681	0.016728624535315983	0.06319702602230483	0.04460966542750929	0.05390334572490706	0.05204460966542751	0.08178438661710037	0.05018587360594796	0.06319702602230483	0.013011152416356878	0.013011152416356878
tr|A0A175DNP4|A0A175DNP4_9BRAS	0.022813688212927757	0.02091254752851711	0.039923954372623575	0.03802281368821293	0.08555133079847908	0.030418250950570342	0.030418250950570342	0.0779467680608365	0.07224334600760456	0.13688212927756654	0.011406844106463879	0.058935361216730035	0.028517110266159697	0.03612167300380228	0.06653992395437262	0.09125475285171103	0.022813688212927757	0.051330798479087454	0.011406844106463879	0.06653992395437262
sp|Q9SMP0|NFYC1_ARATH	0.09401709401709402	0.004273504273504274	0.05982905982905983	0.042735042735042736	0.02564102564102564	0.10256410256410256	0.017094017094017096	0.0641025641025641	0.03418803418803419	0.0641025641025641	0.03418803418803419	0.03418803418803419	0.08974358974358974	0.08974358974358974	0.038461538461538464	0.05555555555555555	0.05128205128205128	0.05128205128205128	0.017094017094017096	0.029914529914529916
sp|Q8LCG7|NFYC2_ARATH	0.08040201005025126	0.005025125628140704	0.05025125628140704	0.08040201005025126	0.04020100502512563	0.04020100502512563	0.06532663316582915	0.06030150753768844	0.04522613065326633	0.05527638190954774	0.05025125628140704	0.02512562814070352	0.05527638190954774	0.135678391959799	0.035175879396984924	0.04020100502512563	0.04522613065326633	0.05025125628140704	0.01507537688442211	0.02512562814070352
tr|D7KFF1|D7KFF1_ARALL	0.06077348066298342	0.016574585635359115	0.06629834254143646	0.055248618784530384	0.055248618784530384	0.06077348066298342	0.03314917127071823	0.049723756906077346	0.055248618784530384	0.07734806629834254	0.03314917127071823	0.03314917127071823	0.03867403314917127	0.03314917127071823	0.04419889502762431	0.1270718232044199	0.049723756906077346	0.08287292817679558	0.0055248618784530384	0.022099447513812154
tr|A0A1P8BC82|A0A1P8BC82_ARATH	0.057746478873239436	0.023943661971830985	0.04788732394366197	0.07042253521126761	0.04788732394366197	0.036619718309859155	0.030985915492957747	0.056338028169014086	0.07042253521126761	0.11549295774647887	0.02535211267605634	0.035211267605633804	0.04647887323943662	0.030985915492957747	0.054929577464788736	0.10704225352112676	0.05070422535211268	0.0676056338028169	0.009859154929577466	0.014084507042253521
sp|Q94AF2|NNRD_ARATH	0.0684931506849315	0.0273972602739726	0.049315068493150684	0.06301369863013699	0.024657534246575342	0.07671232876712329	0.01643835616438356	0.07123287671232877	0.06027397260273973	0.11506849315068493	0.010958904109589041	0.021917808219178082	0.049315068493150684	0.030136986301369864	0.049315068493150684	0.12054794520547946	0.038356164383561646	0.0821917808219178	0.005479452054794521	0.019178082191780823
sp|Q9M2W3|PGPS2_ARATH	0.10300429184549356	0.008583690987124463	0.03862660944206009	0.030042918454935622	0.02575107296137339	0.06866952789699571	0.004291845493562232	0.06866952789699571	0.04721030042918455	0.12875536480686695	0.030042918454935622	0.017167381974248927	0.04721030042918455	0.017167381974248927	0.05150214592274678	0.09012875536480687	0.07725321888412018	0.0944206008583691	0.034334763948497854	0.017167381974248927
tr|A0A1P8B067|A0A1P8B067_ARATH	0.05058365758754864	0.02204928664072633	0.0648508430609598	0.07522697795071336	0.04539559014267185	0.058365758754863814	0.029831387808041506	0.04409857328145266	0.040207522697795074	0.08560311284046693	0.02594033722438392	0.042801556420233464	0.04539559014267185	0.054474708171206226	0.06744487678339818	0.07522697795071336	0.04539559014267185	0.08300907911802853	0.01556420233463035	0.028534370946822308
tr|Q1H568|Q1H568_ARATH	0.07258064516129033	0.016129032258064516	0.056451612903225805	0.056451612903225805	0.016129032258064516	0.08064516129032258	0.016129032258064516	0.04032258064516129	0.0967741935483871	0.08064516129032258	0.04032258064516129	0.04838709677419355	0.04838709677419355	0.056451612903225805	0.056451612903225805	0.06451612903225806	0.06451612903225806	0.04838709677419355	0.016129032258064516	0.024193548387096774
sp|Q9XIH7|PLT1_ARATH	0.09197651663405088	0.009784735812133072	0.03718199608610567	0.03131115459882583	0.06262230919765166	0.10567514677103718	0.005870841487279843	0.07240704500978473	0.03913894324853229	0.10763209393346379	0.03718199608610567	0.03131115459882583	0.03913894324853229	0.01761252446183953	0.04500978473581213	0.07632093933463796	0.05870841487279843	0.09393346379647749	0.0136986301369863	0.023483365949119372
sp|F4JKB6|PRRP3_ARATH	0.0763888888888889	0.027777777777777776	0.050347222222222224	0.07291666666666667	0.03298611111111111	0.057291666666666664	0.024305555555555556	0.041666666666666664	0.07465277777777778	0.109375	0.017361111111111112	0.05381944444444445	0.03819444444444445	0.029513888888888888	0.04861111111111111	0.09375	0.03298611111111111	0.07118055555555555	0.019097222222222224	0.027777777777777776
tr|D7KUL5|D7KUL5_ARALL	0.07156308851224105	0.021657250470809793	0.06308851224105462	0.0687382297551789	0.038606403013182675	0.06120527306967985	0.022598870056497175	0.047080979284369114	0.059322033898305086	0.09227871939736347	0.01694915254237288	0.03483992467043315	0.05273069679849341	0.035781544256120526	0.05743879472693032	0.1064030131826742	0.03672316384180791	0.07532956685499058	0.011299435028248588	0.026365348399246705
sp|Q9M1E8|SEN21_ARATH	0.05485232067510549	0.029535864978902954	0.0379746835443038	0.08860759493670886	0.0379746835443038	0.04219409282700422	0.02531645569620253	0.03375527426160337	0.06751054852320675	0.12658227848101267	0.012658227848101266	0.029535864978902954	0.02109704641350211	0.02531645569620253	0.07172995780590717	0.10548523206751055	0.0379746835443038	0.08860759493670886	0.029535864978902954	0.03375527426160337
tr|O64649|O64649_ARATH	0.04149377593360996	0.030428769017980636	0.0636237897648686	0.0677731673582296	0.040110650069156296	0.05255878284923928	0.027662517289073305	0.0636237897648686	0.0677731673582296	0.0912863070539419	0.009681881051175657	0.04426002766251729	0.0636237897648686	0.034578146611341634	0.048409405255878286	0.1078838174273859	0.05255878284923928	0.058091286307053944	0.012448132780082987	0.022130013831258646
tr|A0A178WJ63|A0A178WJ63_ARATH	0.07854406130268199	0.013409961685823755	0.02490421455938697	0.03639846743295019	0.07662835249042145	0.09961685823754789	0.013409961685823755	0.07854406130268199	0.03639846743295019	0.09578544061302682	0.034482758620689655	0.02681992337164751	0.0421455938697318	0.034482758620689655	0.0421455938697318	0.06513409961685823	0.05363984674329502	0.09003831417624521	0.022988505747126436	0.034482758620689655
sp|Q8GXB7|TRMB_ARATH	0.055776892430278883	0.01195219123505976	0.043824701195219126	0.08366533864541832	0.06772908366533864	0.055776892430278883	0.03187250996015936	0.055776892430278883	0.06772908366533864	0.08764940239043825	0.027888446215139442	0.03187250996015936	0.04780876494023904	0.0199203187250996	0.06772908366533864	0.07569721115537849	0.05976095617529881	0.06374501992031872	0.00398406374501992	0.0398406374501992
tr|Q66GQ1|Q66GQ1_ARATH	0.08214285714285714	0.017857142857142856	0.05714285714285714	0.0875	0.030357142857142857	0.06428571428571428	0.007142857142857143	0.06607142857142857	0.055357142857142855	0.09285714285714286	0.0125	0.026785714285714284	0.0375	0.03571428571428571	0.06607142857142857	0.0875	0.05178571428571429	0.10535714285714286	0.008928571428571428	0.007142857142857143
tr|Q8GYT1|Q8GYT1_ARATH	0.09009009009009009	0.02252252252252252	0.04954954954954955	0.08558558558558559	0.07657657657657657	0.0990990990990991	0.04054054054054054	0.04954954954954955	0.036036036036036036	0.06756756756756757	0.0045045045045045045	0.06306306306306306	0.013513513513513514	0.009009009009009009	0.07207207207207207	0.08558558558558559	0.03153153153153153	0.07657657657657657	0.0045045045045045045	0.02252252252252252
sp|Q8LGU7|RNZ1_ARATH	0.060714285714285714	0.007142857142857143	0.05357142857142857	0.08214285714285714	0.05357142857142857	0.06428571428571428	0.04642857142857143	0.1	0.08214285714285714	0.07857142857142857	0.02142857142857143	0.02142857142857143	0.039285714285714285	0.017857142857142856	0.03214285714285714	0.075	0.05357142857142857	0.07857142857142857	0.0	0.03214285714285714
tr|A0A178V7J3|A0A178V7J3_ARATH	0.06050955414012739	0.01592356687898089	0.049893842887473464	0.06687898089171974	0.04246284501061571	0.06050955414012739	0.028662420382165606	0.05626326963906582	0.06263269639065817	0.10084925690021232	0.025477707006369428	0.03927813163481953	0.06475583864118896	0.02335456475583864	0.05732484076433121	0.11040339702760085	0.049893842887473464	0.05307855626326964	0.009554140127388535	0.022292993630573247
tr|D7LBP2|D7LBP2_ARALL	0.09259259259259259	0.0291005291005291	0.07142857142857142	0.07142857142857142	0.018518518518518517	0.05555555555555555	0.005291005291005291	0.03439153439153439	0.12962962962962962	0.07671957671957672	0.023809523809523808	0.04497354497354497	0.042328042328042326	0.037037037037037035	0.05555555555555555	0.06084656084656084	0.05291005291005291	0.07407407407407407	0.005291005291005291	0.018518518518518517
tr|Q9FIF4|Q9FIF4_ARATH	0.043010752688172046	0.016129032258064516	0.12365591397849462	0.06989247311827956	0.03225806451612903	0.043010752688172046	0.005376344086021506	0.06989247311827956	0.06989247311827956	0.04838709677419355	0.043010752688172046	0.05913978494623656	0.043010752688172046	0.05913978494623656	0.016129032258064516	0.0913978494623656	0.05913978494623656	0.06989247311827956	0.010752688172043012	0.026881720430107527
sp|Q8H1D9|TYDP1_ARATH	0.05950413223140496	0.01487603305785124	0.06446280991735537	0.047933884297520664	0.03636363636363636	0.0628099173553719	0.023140495867768594	0.06446280991735537	0.07768595041322314	0.08760330578512397	0.01652892561983471	0.047933884297520664	0.06942148760330578	0.026446280991735537	0.05289256198347107	0.08429752066115702	0.03801652892561983	0.06942148760330578	0.02975206611570248	0.026446280991735537
sp|Q8RWB8|UPL6_ARATH	0.05442176870748299	0.01749271137026239	0.052478134110787174	0.062196307094266275	0.061224489795918366	0.04859086491739553	0.021379980563654033	0.06025267249757046	0.05053449951409135	0.12342079689018465	0.03012633624878523	0.047619047619047616	0.04178814382896016	0.05053449951409135	0.057337220602526724	0.07968901846452867	0.0456754130223518	0.056365403304178816	0.010689990281827016	0.028182701652089408
sp|Q9SCQ2|UPL7_ARATH	0.05691768826619965	0.023642732049036778	0.04553415061295972	0.063922942206655	0.04203152364273205	0.05253940455341506	0.02626970227670753	0.0647985989492119	0.05779334500875657	0.1138353765323993	0.021015761821366025	0.03940455341506129	0.040280210157618214	0.03152364273204904	0.0542907180385289	0.09807355516637478	0.05604203152364273	0.06830122591943957	0.013134851138353765	0.03064798598949212
sp|Q9LIH6|UNG_ARATH	0.07878787878787878	0.012121212121212121	0.03939393939393939	0.05454545454545454	0.048484848484848485	0.06060606060606061	0.030303030303030304	0.045454545454545456	0.07272727272727272	0.1	0.012121212121212121	0.03636363636363636	0.0696969696969697	0.045454545454545456	0.04242424242424243	0.10909090909090909	0.045454545454545456	0.06666666666666667	0.015151515151515152	0.015151515151515152
