#	A	C	D	E	F	G	H	I	K	L	M	N	P	Q	R	S	T	V	W	Y
sp|P31170|HS25P_ARATH	0.039647577092511016	0.00881057268722467	0.07488986784140969	0.06607929515418502	0.030837004405286344	0.05726872246696035	0.004405286343612335	0.05726872246696035	0.07929515418502203	0.06167400881057269	0.04405286343612335	0.02643171806167401	0.06607929515418502	0.06167400881057269	0.07048458149779736	0.12334801762114538	0.039647577092511016	0.07488986784140969	0.00881057268722467	0.004405286343612335
sp|P93834|HXK2_ARATH	0.08565737051792828	0.00796812749003984	0.05976095617529881	0.0697211155378486	0.037848605577689244	0.08565737051792828	0.02390438247011952	0.05976095617529881	0.06573705179282868	0.10557768924302789	0.035856573705179286	0.02390438247011952	0.03386454183266932	0.01593625498007968	0.043824701195219126	0.08167330677290836	0.04780876494023904	0.08964143426294821	0.00796812749003984	0.017928286852589643
sp|Q1WM16|HXK7_ORYSJ	0.11447084233261338	0.008639308855291577	0.05183585313174946	0.07991360691144708	0.032397408207343416	0.08855291576673865	0.012958963282937365	0.06479481641468683	0.05399568034557235	0.10367170626349892	0.02591792656587473	0.0367170626349892	0.02591792656587473	0.023758099352051837	0.05183585313174946	0.06911447084233262	0.05183585313174946	0.07775377969762419	0.004319654427645789	0.02159827213822894
sp|O81829|GH35_ARATH	0.0392156862745098	0.02287581699346405	0.049019607843137254	0.07352941176470588	0.04084967320261438	0.05065359477124183	0.013071895424836602	0.05718954248366013	0.06372549019607843	0.10130718954248366	0.0196078431372549	0.042483660130718956	0.06372549019607843	0.03431372549019608	0.0457516339869281	0.08986928104575163	0.06045751633986928	0.07516339869281045	0.00980392156862745	0.04738562091503268
sp|Q8VZ59|YUC6_ARATH	0.05995203836930456	0.03117505995203837	0.050359712230215826	0.0671462829736211	0.05275779376498801	0.09352517985611511	0.02158273381294964	0.050359712230215826	0.07194244604316546	0.09592326139088729	0.023980815347721823	0.026378896882494004	0.050359712230215826	0.02158273381294964	0.06474820143884892	0.045563549160671464	0.05755395683453238	0.07673860911270983	0.019184652278177457	0.019184652278177457
sp|Q9M8S8|VTC4_ARATH	0.09225092250922509	0.01845018450184502	0.06642066420664207	0.06273062730627306	0.055350553505535055	0.0996309963099631	0.01845018450184502	0.06273062730627306	0.06642066420664207	0.1033210332103321	0.01107011070110701	0.033210332103321034	0.02952029520295203	0.025830258302583026	0.033210332103321034	0.04428044280442804	0.07749077490774908	0.08118081180811808	0.007380073800738007	0.01107011070110701
sp|Q42592|APXS_ARATH	0.09408602150537634	0.005376344086021506	0.056451612903225805	0.06182795698924731	0.03494623655913978	0.06720430107526881	0.016129032258064516	0.04032258064516129	0.06989247311827956	0.09946236559139784	0.010752688172043012	0.03494623655913978	0.06182795698924731	0.016129032258064516	0.053763440860215055	0.13440860215053763	0.06451612903225806	0.03494623655913978	0.013440860215053764	0.02956989247311828
sp|Q42593|APXT_ARATH	0.10328638497652583	0.009389671361502348	0.06103286384976526	0.056338028169014086	0.04225352112676056	0.07276995305164319	0.023474178403755867	0.046948356807511735	0.07981220657276995	0.09859154929577464	0.011737089201877934	0.03755868544600939	0.06807511737089202	0.014084507042253521	0.035211267605633804	0.1056338028169014	0.03990610328638498	0.051643192488262914	0.011737089201877934	0.03051643192488263
sp|Q10712|AMPL1_SOLLC	0.1243432574430823	0.012259194395796848	0.043782837127845885	0.06654991243432574	0.028021015761821366	0.0893169877408056	0.012259194395796848	0.05253940455341506	0.06129597197898424	0.09281961471103327	0.021015761821366025	0.04553415061295972	0.03852889667250438	0.021015761821366025	0.03677758318739054	0.10157618213660245	0.0542907180385289	0.06830122591943957	0.012259194395796848	0.017513134851138354
sp|Q9SSL9|PEPR1_ARATH	0.03829029385574354	0.016028495102404273	0.04452359750667854	0.04986642920747997	0.0365093499554764	0.07836153161175423	0.016918967052537846	0.05699020480854853	0.04630454140694568	0.1611754229741763	0.013357079252003561	0.07658058771148708	0.048975957257346395	0.025823686553873553	0.04452359750667854	0.10952804986642921	0.048975957257346395	0.0578806767586821	0.007123775601068566	0.02226179875333927
tr|K4P8I2|K4P8I2_GOSHI	0.05263157894736842	0.06315789473684211	0.042105263157894736	0.06315789473684211	0.04736842105263158	0.1	0.05263157894736842	0.02631578947368421	0.11052631578947368	0.05789473684210526	0.015789473684210527	0.03684210526315789	0.042105263157894736	0.021052631578947368	0.042105263157894736	0.04736842105263158	0.07894736842105263	0.05789473684210526	0.0	0.042105263157894736
sp|Q67UE8|LYP4_ORYSJ	0.14463840399002495	0.04239401496259352	0.04987531172069826	0.012468827930174564	0.029925187032418952	0.08229426433915212	0.007481296758104738	0.02493765586034913	0.012468827930174564	0.1172069825436409	0.02493765586034913	0.02743142144638404	0.09975062344139651	0.012468827930174564	0.02743142144638404	0.08977556109725686	0.08478802992518704	0.07481296758104738	0.004987531172069825	0.029925187032418952
sp|Q69T51|LYP6_ORYSJ	0.1784841075794621	0.039119804400977995	0.044009779951100246	0.012224938875305624	0.019559902200488997	0.09290953545232274	0.007334963325183374	0.034229828850855744	0.009779951100244499	0.09046454767726161	0.017114914425427872	0.0488997555012225	0.08557457212713937	0.02689486552567237	0.02689486552567237	0.097799511002445	0.05867970660146699	0.08068459657701711	0.0024449877750611247	0.02689486552567237
sp|Q9SN86|MDHP_ARATH	0.11166253101736973	0.009925558312655087	0.052109181141439205	0.04218362282878412	0.03722084367245657	0.06451612903225806	0.01240694789081886	0.05459057071960298	0.0794044665012407	0.09429280397022333	0.009925558312655087	0.04714640198511166	0.04714640198511166	0.022332506203473945	0.02481389578163772	0.10669975186104218	0.06451612903225806	0.09925558312655088	0.0	0.019851116625310174
sp|P83886|ASAL_ALLSA	0.08839779005524862	0.016574585635359115	0.04419889502762431	0.016574585635359115	0.011049723756906077	0.11602209944751381	0.0	0.055248618784530384	0.027624309392265192	0.049723756906077346	0.04419889502762431	0.07734806629834254	0.022099447513812154	0.03314917127071823	0.06077348066298342	0.06629834254143646	0.07734806629834254	0.13259668508287292	0.016574585635359115	0.04419889502762431
sp|Q39013|NAC2_ARATH	0.05536332179930796	0.01384083044982699	0.0657439446366782	0.0657439446366782	0.04498269896193772	0.0657439446366782	0.01384083044982699	0.03460207612456748	0.07958477508650519	0.06228373702422145	0.03460207612456748	0.04152249134948097	0.09342560553633218	0.031141868512110725	0.04498269896193772	0.07612456747404844	0.04152249134948097	0.058823529411764705	0.02422145328719723	0.05190311418685121
sp|Q9LSQ5|FQR1_ARATH	0.12254901960784313	0.0	0.014705882352941176	0.0784313725490196	0.058823529411764705	0.12745098039215685	0.024509803921568627	0.04411764705882353	0.058823529411764705	0.06862745098039216	0.0392156862745098	0.00980392156862745	0.049019607843137254	0.05392156862745098	0.0196078431372549	0.058823529411764705	0.07352941176470588	0.049019607843137254	0.00980392156862745	0.0392156862745098
sp|B8ARK7|SIR1_ORYSI	0.0640495867768595	0.022727272727272728	0.047520661157024795	0.06198347107438017	0.03305785123966942	0.05991735537190083	0.028925619834710745	0.04338842975206612	0.07231404958677685	0.10537190082644628	0.030991735537190084	0.03305785123966942	0.05991735537190083	0.030991735537190084	0.07024793388429752	0.08264462809917356	0.049586776859504134	0.08057851239669421	0.010330578512396695	0.012396694214876033
sp|Q9LK88|NQR_ARATH	0.09183673469387756	0.0	0.04591836734693878	0.05612244897959184	0.05612244897959184	0.0663265306122449	0.015306122448979591	0.0663265306122449	0.05612244897959184	0.12755102040816327	0.00510204081632653	0.04081632653061224	0.07142857142857142	0.04591836734693878	0.04591836734693878	0.0663265306122449	0.05102040816326531	0.061224489795918366	0.01020408163265306	0.02040816326530612
tr|Q8H0I4|Q8H0I4_ORYSA	0.11676646706586827	0.017964071856287425	0.04790419161676647	0.05688622754491018	0.04491017964071856	0.10778443113772455	0.03592814371257485	0.011976047904191617	0.0688622754491018	0.08682634730538923	0.03293413173652695	0.020958083832335328	0.04491017964071856	0.023952095808383235	0.038922155688622756	0.08383233532934131	0.05089820359281437	0.06287425149700598	0.017964071856287425	0.02694610778443114
tr|A0A1U9X9S6|A0A1U9X9S6_9ASPA	0.0449438202247191	0.0056179775280898875	0.08426966292134831	0.07865168539325842	0.011235955056179775	0.07303370786516854	0.02247191011235955	0.06179775280898876	0.06179775280898876	0.10112359550561797	0.033707865168539325	0.011235955056179775	0.03932584269662921	0.02247191011235955	0.056179775280898875	0.1348314606741573	0.056179775280898875	0.07865168539325842	0.0	0.02247191011235955
sp|Q9ZPI6|AIM1_ARATH	0.07350901525658807	0.009708737864077669	0.04299583911234397	0.05409153952843273	0.03744798890429958	0.09292649098474341	0.018030513176144243	0.07489597780859916	0.07905686546463246	0.10679611650485436	0.02912621359223301	0.04022191400832178	0.04854368932038835	0.022191400832177532	0.044382801664355064	0.07905686546463246	0.03467406380027739	0.09153952843273232	0.0027739251040221915	0.018030513176144243
sp|Q9FNA9|PDAT1_ARATH	0.08047690014903129	0.022354694485842028	0.05365126676602087	0.06110283159463487	0.03576751117734724	0.09985096870342772	0.03129657228017884	0.05514157973174367	0.07004470938897168	0.06557377049180328	0.03278688524590164	0.037257824143070044	0.06110283159463487	0.020864381520119227	0.037257824143070044	0.05961251862891207	0.044709388971684055	0.06557377049180328	0.026825633383010434	0.038748137108792845
sp|Q9SWE5|HAL3A_ARATH	0.08133971291866028	0.023923444976076555	0.05263157894736842	0.05741626794258373	0.028708133971291867	0.06220095693779904	0.023923444976076555	0.05263157894736842	0.04784688995215311	0.12440191387559808	0.023923444976076555	0.04784688995215311	0.05263157894736842	0.023923444976076555	0.05263157894736842	0.06220095693779904	0.07177033492822966	0.05741626794258373	0.03349282296650718	0.019138755980861243
sp|Q9FY75|POT7_ARATH	0.05944055944055944	0.018648018648018648	0.05128205128205128	0.05827505827505827	0.053613053613053616	0.07226107226107226	0.017482517482517484	0.07459207459207459	0.04079254079254079	0.11072261072261072	0.03613053613053613	0.030303030303030304	0.03496503496503497	0.024475524475524476	0.04312354312354312	0.09090909090909091	0.04079254079254079	0.0944055944055944	0.011655011655011656	0.03613053613053613
sp|Q9ZU25|MPPA1_ARATH	0.11530815109343936	0.005964214711729622	0.03777335984095427	0.07157057654075547	0.03777335984095427	0.073558648111332	0.017892644135188866	0.03777335984095427	0.04970178926441352	0.10536779324055666	0.02982107355864811	0.03180914512922465	0.055666003976143144	0.027833001988071572	0.04771371769383698	0.09145129224652088	0.061630218687872766	0.061630218687872766	0.007952286282306162	0.03180914512922465
sp|Q42290|MPPB_ARATH	0.10357815442561205	0.0018832391713747645	0.06591337099811675	0.0583804143126177	0.030131826741996232	0.04519774011299435	0.026365348399246705	0.0583804143126177	0.05084745762711865	0.08851224105461393	0.02448210922787194	0.04519774011299435	0.04143126177024482	0.035781544256120526	0.064030131826742	0.07532956685499058	0.07532956685499058	0.06591337099811675	0.007532956685499058	0.035781544256120526
sp|Q8S307|BZR1_ARATH	0.10119047619047619	0.01488095238095238	0.026785714285714284	0.05654761904761905	0.044642857142857144	0.05357142857142857	0.017857142857142856	0.03273809523809524	0.044642857142857144	0.041666666666666664	0.020833333333333332	0.05357142857142857	0.10119047619047619	0.050595238095238096	0.05952380952380952	0.14285714285714285	0.05654761904761905	0.044642857142857144	0.01488095238095238	0.020833333333333332
sp|O22476|BRI1_ARATH	0.046822742474916385	0.019230769230769232	0.05351170568561873	0.047658862876254184	0.05016722408026756	0.08528428093645485	0.020066889632107024	0.05100334448160535	0.052675585284280936	0.14130434782608695	0.025919732441471572	0.0677257525083612	0.046822742474916385	0.020066889632107024	0.03678929765886288	0.11538461538461539	0.04598662207357859	0.0451505016722408	0.008361204013377926	0.020066889632107024
sp|Q9ASS2|FREE1_ARATH	0.06156405990016639	0.02329450915141431	0.05324459234608985	0.04492512479201331	0.026622296173044926	0.07154742096505824	0.019966722129783693	0.028286189683860232	0.04159733777038269	0.04991680532445923	0.013311148086522463	0.048252911813643926	0.10149750415973377	0.05324459234608985	0.04991680532445923	0.13810316139767054	0.06655574043261231	0.048252911813643926	0.004991680532445923	0.05490848585690516
sp|Q681K7|GEX1_ARATH	0.05733558178752108	0.01517706576728499	0.07925801011804384	0.06913996627318718	0.04215851602023609	0.023608768971332208	0.01517706576728499	0.050590219224283306	0.0657672849915683	0.1315345699831366	0.025295109612141653	0.04215851602023609	0.016863406408094434	0.06239460370994941	0.045531197301854974	0.10118043844856661	0.06239460370994941	0.05396290050590219	0.011804384485666104	0.02866779089376054
sp|Q9SF32|IQD1_ARATH	0.07929515418502203	0.004405286343612335	0.024229074889867842	0.06828193832599119	0.015418502202643172	0.03303964757709251	0.01762114537444934	0.028634361233480177	0.0947136563876652	0.05726872246696035	0.022026431718061675	0.05726872246696035	0.06387665198237885	0.048458149779735685	0.08149779735682819	0.15418502202643172	0.06387665198237885	0.05726872246696035	0.015418502202643172	0.013215859030837005
sp|Q940A2|P2C31_ARATH	0.08054711246200608	0.02127659574468085	0.05927051671732523	0.06838905775075987	0.0364741641337386	0.057750759878419454	0.030395136778115502	0.05927051671732523	0.05015197568389058	0.10182370820668693	0.0182370820668693	0.037993920972644375	0.044072948328267476	0.030395136778115502	0.05167173252279635	0.09422492401215805	0.05015197568389058	0.07142857142857142	0.015197568389057751	0.02127659574468085
sp|Q05085|PTR7_ARATH	0.08983050847457627	0.015254237288135594	0.04067796610169491	0.03898305084745763	0.059322033898305086	0.08135593220338982	0.015254237288135594	0.061016949152542375	0.04576271186440678	0.13220338983050847	0.023728813559322035	0.025423728813559324	0.03898305084745763	0.02711864406779661	0.04406779661016949	0.0576271186440678	0.07796610169491526	0.07457627118644068	0.01694915254237288	0.03389830508474576
sp|Q42536|PORA_ARATH	0.1037037037037037	0.012345679012345678	0.04691358024691358	0.044444444444444446	0.04691358024691358	0.07160493827160494	0.01728395061728395	0.0345679012345679	0.06666666666666667	0.1037037037037037	0.019753086419753086	0.044444444444444446	0.03209876543209877	0.03209876543209877	0.05432098765432099	0.11358024691358025	0.056790123456790124	0.0691358024691358	0.009876543209876543	0.019753086419753086
tr|G8EGP0|G8EGP0_CAPAN	0.03617571059431524	0.031007751937984496	0.01808785529715762	0.0	0.007751937984496124	0.025839793281653745	0.046511627906976744	0.046511627906976744	0.082687338501292	0.06201550387596899	0.002583979328165375	0.015503875968992248	0.34366925064599485	0.020671834625323	0.007751937984496124	0.05426356589147287	0.07493540051679587	0.09302325581395349	0.0	0.031007751937984496
sp|Q9C9X5|CAP12_ARATH	0.05804749340369393	0.018469656992084433	0.0633245382585752	0.07387862796833773	0.044854881266490766	0.0316622691292876	0.026385224274406333	0.07651715039577836	0.079155672823219	0.09762532981530343	0.026385224274406333	0.036939313984168866	0.0316622691292876	0.0316622691292876	0.06068601583113457	0.079155672823219	0.044854881266490766	0.0712401055408971	0.0158311345646438	0.0316622691292876
sp|Q9LRR5|DRL21_ARATH	0.0449438202247191	0.023174157303370788	0.05056179775280899	0.07373595505617977	0.047752808988764044	0.054775280898876406	0.016151685393258428	0.06179775280898876	0.05688202247191011	0.13623595505617977	0.014747191011235955	0.037921348314606744	0.05828651685393258	0.03581460674157303	0.04915730337078652	0.11235955056179775	0.04985955056179775	0.047050561797752806	0.009129213483146067	0.019662921348314606
sp|O82480|RAC7_ARATH	0.0861244019138756	0.03349282296650718	0.05741626794258373	0.03349282296650718	0.03827751196172249	0.06698564593301436	0.009569377990430622	0.06220095693779904	0.07177033492822966	0.07177033492822966	0.014354066985645933	0.0430622009569378	0.0430622009569378	0.03349282296650718	0.06698564593301436	0.07177033492822966	0.06220095693779904	0.09090909090909091	0.009569377990430622	0.03349282296650718
tr|A4PHN3|A4PHN3_PHYPA	0.09130434782608696	0.02826086956521739	0.06304347826086956	0.05652173913043478	0.02826086956521739	0.10652173913043478	0.006521739130434782	0.06521739130434782	0.05652173913043478	0.0782608695652174	0.03260869565217391	0.03260869565217391	0.034782608695652174	0.04565217391304348	0.06304347826086956	0.08478260869565217	0.03260869565217391	0.06521739130434782	0.004347826086956522	0.02391304347826087
sp|Q9FYF7|Y1736_ARATH	0.1125	0.0	0.0625	0.0625	0.0375	0.05416666666666667	0.029166666666666667	0.025	0.12083333333333333	0.0625	0.020833333333333332	0.0375	0.041666666666666664	0.020833333333333332	0.020833333333333332	0.06666666666666667	0.058333333333333334	0.1125	0.004166666666666667	0.05
sp|O82246|Y2778_ARATH	0.08936170212765958	0.01276595744680851	0.08085106382978724	0.09361702127659574	0.04680851063829787	0.02127659574468085	0.01276595744680851	0.0425531914893617	0.05106382978723404	0.09361702127659574	0.01276595744680851	0.01702127659574468	0.06382978723404255	0.0425531914893617	0.03829787234042553	0.06382978723404255	0.04680851063829787	0.11063829787234042	0.00851063829787234	0.05106382978723404
sp|Q9MA63|Y3550_ARATH	0.14227642276422764	0.008130081300813009	0.036585365853658534	0.09349593495934959	0.024390243902439025	0.028455284552845527	0.008130081300813009	0.024390243902439025	0.0975609756097561	0.07723577235772358	0.024390243902439025	0.012195121951219513	0.06910569105691057	0.044715447154471545	0.04065040650406504	0.052845528455284556	0.044715447154471545	0.11788617886178862	0.0040650406504065045	0.04878048780487805
tr|B0EVM3|B0EVM3_TOBAC	0.11450381679389313	0.0	0.022900763358778626	0.06870229007633588	0.061068702290076333	0.05343511450381679	0.007633587786259542	0.061068702290076333	0.05343511450381679	0.07633587786259542	0.007633587786259542	0.05343511450381679	0.03816793893129771	0.03816793893129771	0.03816793893129771	0.10687022900763359	0.061068702290076333	0.06870229007633588	0.007633587786259542	0.061068702290076333
tr|Q8L3P4|Q8L3P4_ARATH	0.05504587155963303	0.0015290519877675841	0.12538226299694188	0.10091743119266056	0.01529051987767584	0.06116207951070336	0.013761467889908258	0.04434250764525994	0.11162079510703364	0.0779816513761468	0.01834862385321101	0.04281345565749235	0.027522935779816515	0.04128440366972477	0.0672782874617737	0.07339449541284404	0.04434250764525994	0.05657492354740061	0.0015290519877675841	0.019877675840978593
tr|A0A178UVN1|A0A178UVN1_ARATH	0.06040268456375839	0.013422818791946308	0.042953020134228186	0.05771812080536913	0.07516778523489932	0.04563758389261745	0.025503355704697986	0.05771812080536913	0.049664429530201344	0.11543624161073826	0.028187919463087248	0.06040268456375839	0.020134228187919462	0.026845637583892617	0.07651006711409396	0.06308724832214765	0.056375838926174496	0.06577181208053691	0.012080536912751677	0.04697986577181208
sp|Q9M9S3|WHY1_ARATH	0.06844106463878327	0.0038022813688212928	0.04182509505703422	0.049429657794676805	0.07984790874524715	0.07224334600760456	0.019011406844106463	0.030418250950570342	0.07224334600760456	0.09125475285171103	0.0076045627376425855	0.04182509505703422	0.06463878326996197	0.026615969581749048	0.045627376425855515	0.11787072243346007	0.04182509505703422	0.08365019011406843	0.011406844106463879	0.030418250950570342
tr|Q9AVE0|Q9AVE0_ARALY	0.032825322391559206	0.026963657678780773	0.05861664712778429	0.05744431418522861	0.0492379835873388	0.07033997655334115	0.015240328253223915	0.06096131301289566	0.04806565064478312	0.10082063305978899	0.023446658851113716	0.06096131301289566	0.03634232121922626	0.029308323563892145	0.0668229777256741	0.08909730363423213	0.05275498241500586	0.06565064478311841	0.022274325908558032	0.032825322391559206
sp|Q8L467|BH104_ARATH	0.05653710247349823	0.0176678445229682	0.08480565371024736	0.10600706713780919	0.0353356890459364	0.05653710247349823	0.014134275618374558	0.028268551236749116	0.06007067137809187	0.09540636042402827	0.024734982332155476	0.038869257950530034	0.053003533568904596	0.0636042402826855	0.05653710247349823	0.08480565371024736	0.038869257950530034	0.053003533568904596	0.0035335689045936395	0.028268551236749116
sp|Q9LKL2|APRR1_ARATH	0.06310679611650485	0.009708737864077669	0.06310679611650485	0.059870550161812294	0.021035598705501618	0.07119741100323625	0.038834951456310676	0.02750809061488673	0.045307443365695796	0.07928802588996764	0.040453074433656956	0.06957928802588997	0.05663430420711974	0.05177993527508091	0.07605177993527508	0.08737864077669903	0.04692556634304207	0.05825242718446602	0.006472491909385114	0.02750809061488673
sp|Q8VYA3|WAKLJ_ARATH	0.04291287386215865	0.03901170351105332	0.054616384915474644	0.06241872561768531	0.03901170351105332	0.0754226267880364	0.015604681404421327	0.07282184655396619	0.04681404421326398	0.08062418725617686	0.018205461638491547	0.05981794538361508	0.02860858257477243	0.02340702210663199	0.054616384915474644	0.09752925877763328	0.06762028608582575	0.06631989596879063	0.005201560468140442	0.0494148244473342
sp|Q8GUQ8|XDH1_ARATH	0.07788390889052167	0.02351212343864805	0.048493754592211606	0.06098457016899339	0.04996326230712711	0.08155767817781043	0.02645113886847906	0.05290227773695812	0.055841293166789124	0.09184423218221896	0.02204261572373255	0.046289493019838354	0.046289493019838354	0.029390154298310066	0.0426157237325496	0.07935341660543718	0.04996326230712711	0.07788390889052167	0.011021307861866276	0.025716385011021307
sp|Q2V3L3|YY1_ARATH	0.05167958656330749	0.031007751937984496	0.06718346253229975	0.11627906976744186	0.025839793281653745	0.06459948320413436	0.05426356589147287	0.028423772609819122	0.10335917312661498	0.046511627906976744	0.007751937984496124	0.04392764857881137	0.06201550387596899	0.03359173126614987	0.05167958656330749	0.05167958656330749	0.056847545219638244	0.041343669250646	0.012919896640826873	0.04909560723514212
sp|Q9FZ59|PEPR2_ARATH	0.03952205882352941	0.017463235294117647	0.04963235294117647	0.05422794117647059	0.03400735294117647	0.07904411764705882	0.01838235294117647	0.05422794117647059	0.04779411764705882	0.17095588235294118	0.012867647058823529	0.07169117647058823	0.04136029411764706	0.024816176470588234	0.043198529411764705	0.11029411764705882	0.04411764705882353	0.05606617647058824	0.007352941176470588	0.02297794117647059
sp|Q9ZWC8|BRL1_ARATH	0.044596912521440824	0.02144082332761578	0.04288164665523156	0.048027444253859346	0.04202401372212693	0.09176672384219554	0.014579759862778732	0.05574614065180103	0.05317324185248713	0.13379073756432247	0.022298456260720412	0.07032590051457976	0.045454545454545456	0.024013722126929673	0.03687821612349914	0.10463121783876501	0.04974271012006861	0.05660377358490566	0.011149228130360206	0.030874785591766724
sp|Q7X8C5|WAKLB_ARATH	0.0481283422459893	0.0374331550802139	0.05748663101604278	0.06417112299465241	0.04411764705882353	0.07352941176470588	0.01871657754010695	0.053475935828877004	0.053475935828877004	0.07352941176470588	0.017379679144385027	0.058823529411764705	0.04679144385026738	0.03609625668449198	0.06149732620320856	0.08422459893048129	0.053475935828877004	0.08021390374331551	0.008021390374331552	0.029411764705882353
sp|Q8RY17|WAKLI_ARATH	0.03195739014647137	0.03595206391478029	0.05326231691078562	0.06524633821571238	0.043941411451398134	0.08388814913448735	0.013315579227696404	0.05992010652463382	0.05459387483355526	0.09587217043941411	0.015978695073235686	0.0492676431424767	0.04660452729693742	0.02663115845539281	0.05725699067909454	0.08655126498002663	0.06258322237017311	0.07856191744340879	0.009320905459387484	0.02929427430093209
sp|Q9S9M1|WAKLE_ARATH	0.03967168262653899	0.03556771545827633	0.0506155950752394	0.06566347469220246	0.03419972640218878	0.08618331053351573	0.012311901504787962	0.06839945280437756	0.06429548563611491	0.08891928864569083	0.023255813953488372	0.047879616963064295	0.04377564979480164	0.023255813953488372	0.0533515731874145	0.09028727770177838	0.058823529411764705	0.07113543091655267	0.004103967168262654	0.038303693570451436
sp|Q9SA25|WAKLG_ARATH	0.044444444444444446	0.03888888888888889	0.041666666666666664	0.06388888888888888	0.04583333333333333	0.06388888888888888	0.025	0.05555555555555555	0.06111111111111111	0.10694444444444444	0.02361111111111111	0.05555555555555555	0.041666666666666664	0.04027777777777778	0.05416666666666667	0.08611111111111111	0.04722222222222222	0.06388888888888888	0.006944444444444444	0.03333333333333333
sp|Q9C9L5|WAKLH_ARATH	0.041666666666666664	0.039141414141414144	0.039141414141414144	0.06565656565656566	0.03787878787878788	0.0707070707070707	0.020202020202020204	0.06565656565656566	0.06439393939393939	0.08333333333333333	0.022727272727272728	0.06691919191919192	0.027777777777777776	0.03535353535353535	0.045454545454545456	0.09595959595959595	0.06060606060606061	0.06818181818181818	0.006313131313131313	0.04292929292929293
tr|Q9LT87|Q9LT87_ARATH	0.06636500754147813	0.033182503770739065	0.049773755656108594	0.06184012066365008	0.042232277526395176	0.05731523378582202	0.027149321266968326	0.04675716440422323	0.043740573152337855	0.11312217194570136	0.016591251885369532	0.043740573152337855	0.05279034690799397	0.013574660633484163	0.058823529411764705	0.1085972850678733	0.05429864253393665	0.07541478129713423	0.0030165912518853697	0.03167420814479638
sp|Q8H183|BUP1_ARATH	0.07352941176470588	0.0196078431372549	0.056372549019607844	0.061274509803921566	0.051470588235294115	0.07352941176470588	0.031862745098039214	0.061274509803921566	0.049019607843137254	0.08333333333333333	0.022058823529411766	0.061274509803921566	0.056372549019607844	0.029411764705882353	0.049019607843137254	0.07352941176470588	0.041666666666666664	0.058823529411764705	0.014705882352941176	0.031862745098039214
sp|Q8W4G6|CRK15_ARATH	0.06698564593301436	0.023923444976076555	0.051036682615629984	0.03349282296650718	0.05422647527910686	0.06060606060606061	0.012759170653907496	0.05582137161084529	0.0430622009569378	0.09888357256778309	0.02073365231259968	0.05582137161084529	0.046251993620414676	0.04146730462519936	0.051036682615629984	0.09409888357256778	0.07017543859649122	0.0685805422647528	0.009569377990430622	0.04146730462519936
sp|Q8L710|CRK17_ARATH	0.043731778425655975	0.021865889212827987	0.04664723032069971	0.05102040816326531	0.0597667638483965	0.07142857142857142	0.013119533527696793	0.06559766763848396	0.056851311953352766	0.08600583090379009	0.02040816326530612	0.06559766763848396	0.04956268221574344	0.037900874635568516	0.04518950437317784	0.09037900874635568	0.05830903790087463	0.07871720116618076	0.008746355685131196	0.029154518950437316
tr|F4JNH2|F4JNH2_ARATH	0.043209876543209874	0.027777777777777776	0.05092592592592592	0.046296296296296294	0.07253086419753087	0.06944444444444445	0.013888888888888888	0.06327160493827161	0.043209876543209874	0.09259259259259259	0.024691358024691357	0.06481481481481481	0.044753086419753084	0.037037037037037035	0.038580246913580245	0.10185185185185185	0.05864197530864197	0.07098765432098765	0.009259259259259259	0.026234567901234566
tr|A0A1P8B7N7|A0A1P8B7N7_ARATH	0.06493506493506493	0.025974025974025976	0.05194805194805195	0.05772005772005772	0.04184704184704185	0.05194805194805195	0.012987012987012988	0.05916305916305916	0.05772005772005772	0.09523809523809523	0.021645021645021644	0.05339105339105339	0.04040404040404041	0.02886002886002886	0.05916305916305916	0.09668109668109669	0.05916305916305916	0.07503607503607504	0.007215007215007215	0.03896103896103896
tr|F4K6F3|F4K6F3_ARATH	0.044662309368191724	0.015250544662309368	0.044662309368191724	0.046840958605664486	0.03376906318082789	0.07516339869281045	0.02287581699346405	0.0718954248366013	0.05010893246187364	0.15577342047930284	0.026143790849673203	0.07625272331154684	0.042483660130718956	0.037037037037037035	0.034858387799564274	0.08496732026143791	0.046840958605664486	0.05555555555555555	0.008714596949891068	0.026143790849673203
sp|O64777|Y1643_ARATH	0.04838709677419355	0.02357320099255583	0.038461538461538464	0.05707196029776675	0.060794044665012405	0.08312655086848635	0.018610421836228287	0.05334987593052109	0.05831265508684864	0.09057071960297766	0.02481389578163772	0.05086848635235732	0.04218362282878412	0.033498759305210915	0.04962779156327544	0.0967741935483871	0.05583126550868486	0.06451612903225806	0.019851116625310174	0.02977667493796526
tr|F4I9D5|F4I9D5_ARATH	0.048986486486486486	0.028716216216216218	0.05912162162162162	0.057432432432432436	0.03547297297297297	0.08445945945945946	0.02702702702702703	0.060810810810810814	0.05912162162162162	0.13175675675675674	0.02702702702702703	0.048986486486486486	0.0472972972972973	0.02533783783783784	0.03547297297297297	0.09797297297297297	0.03547297297297297	0.05405405405405406	0.010135135135135136	0.02533783783783784
tr|Q8GX94|Q8GX94_ARATH	0.046357615894039736	0.018211920529801324	0.06456953642384106	0.061258278145695365	0.0380794701986755	0.0695364238410596	0.018211920529801324	0.059602649006622516	0.05132450331125828	0.1291390728476821	0.019867549668874173	0.04966887417218543	0.039735099337748346	0.023178807947019868	0.059602649006622516	0.09768211920529801	0.04966887417218543	0.06788079470198675	0.011589403973509934	0.024834437086092714
sp|Q9FII5|TDR_ARATH	0.04418828049951969	0.020172910662824207	0.049951969260326606	0.04803073967339097	0.052833813640730067	0.0845341018251681	0.01921229586935639	0.06051873198847262	0.052833813640730067	0.13160422670509125	0.013448607108549471	0.07300672430355427	0.04803073967339097	0.024975984630163303	0.0393852065321806	0.09510086455331412	0.04707012487992315	0.05859750240153699	0.013448607108549471	0.023054755043227664
sp|Q9M2Z1|BAME2_ARATH	0.043912175648702596	0.015968063872255488	0.04091816367265469	0.05189620758483034	0.038922155688622756	0.08582834331337326	0.028942115768463075	0.05588822355289421	0.04491017964071856	0.1596806387225549	0.015968063872255488	0.06387225548902195	0.04890219560878244	0.027944111776447105	0.03093812375249501	0.09780439121756487	0.05688622754491018	0.05788423153692615	0.006986027944111776	0.02594810379241517
sp|C0LGX3|HSL2_ARATH	0.03423967774420947	0.01812688821752266	0.0473313192346425	0.06646525679758308	0.045317220543806644	0.06847935548841894	0.011077542799597181	0.06143001007049345	0.0513595166163142	0.1419939577039275	0.014098690835850957	0.07754279959718026	0.0553877139979859	0.026183282980866064	0.05236656596173213	0.09365558912386707	0.04833836858006042	0.054380664652567974	0.006042296072507553	0.026183282980866064
sp|Q6XAT2|ERL2_ARATH	0.04343329886246122	0.016546018614270942	0.04343329886246122	0.045501551189245086	0.045501551189245086	0.07755946225439504	0.01964839710444674	0.07445708376421924	0.04860392967942089	0.14167528438469493	0.023784901758014478	0.08066184074457083	0.050672182006204755	0.03412616339193381	0.033092037228541885	0.08376421923474664	0.05377456049638056	0.050672182006204755	0.008273009307135471	0.02481902792140641
sp|Q9S7I6|RPK2_ARATH	0.04952215464813206	0.020851433536055605	0.04952215464813206	0.03909643788010426	0.051259774109470024	0.0894874022589053	0.016507384882710686	0.04691572545612511	0.03996524761077324	0.13119026933101652	0.01737619461337967	0.0634231103388358	0.051259774109470024	0.02780191138140747	0.044309296264118156	0.10251954821894005	0.051259774109470024	0.0738488271068636	0.010425716768027803	0.023457862728062554
sp|Q9ZRF9|RPK1_ARATH	0.04814814814814815	0.014814814814814815	0.053703703703703705	0.05740740740740741	0.044444444444444446	0.07592592592592592	0.025925925925925925	0.06481481481481481	0.05555555555555555	0.12777777777777777	0.018518518518518517	0.03888888888888889	0.03333333333333333	0.020370370370370372	0.044444444444444446	0.11481481481481481	0.03148148148148148	0.08703703703703704	0.012962962962962963	0.02962962962962963
sp|O64842|PBL12_ARATH	0.06839622641509434	0.014150943396226415	0.049528301886792456	0.06367924528301887	0.04009433962264151	0.06839622641509434	0.03537735849056604	0.04716981132075472	0.09198113207547169	0.09905660377358491	0.0330188679245283	0.04009433962264151	0.0330188679245283	0.0330188679245283	0.0660377358490566	0.07075471698113207	0.04481132075471698	0.06132075471698113	0.007075471698113208	0.0330188679245283
sp|Q1PE89|PBL24_ARATH	0.05912596401028278	0.015424164524421594	0.04627249357326478	0.06940874035989718	0.043701799485861184	0.07712082262210797	0.017994858611825194	0.038560411311053984	0.05141388174807198	0.11825192802056556	0.015424164524421594	0.05398457583547558	0.056555269922879174	0.04884318766066838	0.05398457583547558	0.07197943444730077	0.05398457583547558	0.07197943444730077	0.010282776349614395	0.02570694087403599
sp|Q9LVN2|Y5815_ARATH	0.05477707006369427	0.012738853503184714	0.049681528662420385	0.04203821656050955	0.045859872611464965	0.062420382165605096	0.03184713375796178	0.05987261146496815	0.04713375796178344	0.15159235668789808	0.02038216560509554	0.06878980891719745	0.05732484076433121	0.02802547770700637	0.04331210191082802	0.09936305732484077	0.050955414012738856	0.050955414012738856	0.011464968152866241	0.011464968152866241
tr|Q8LDB7|Q8LDB7_ARATH	0.05142857142857143	0.017142857142857144	0.05142857142857143	0.09714285714285714	0.037142857142857144	0.07142857142857142	0.025714285714285714	0.054285714285714284	0.06	0.09428571428571429	0.02857142857142857	0.045714285714285714	0.025714285714285714	0.03142857142857143	0.06571428571428571	0.08285714285714285	0.03428571428571429	0.07714285714285714	0.017142857142857144	0.03142857142857143
sp|Q9FHK1|FB263_ARATH	0.036093418259023353	0.021231422505307854	0.06157112526539278	0.050955414012738856	0.05732484076433121	0.036093418259023353	0.03397027600849257	0.07855626326963906	0.07006369426751592	0.0870488322717622	0.025477707006369428	0.07006369426751592	0.03184713375796178	0.021231422505307854	0.07430997876857749	0.07218683651804671	0.04883227176220807	0.07218683651804671	0.01910828025477707	0.03184713375796178
sp|Q9SGP2|HSL1_ARATH	0.04417670682730924	0.019076305220883535	0.05923694779116466	0.05823293172690763	0.03614457831325301	0.0853413654618474	0.01606425702811245	0.055220883534136546	0.055220883534136546	0.1536144578313253	0.015060240963855422	0.06526104417670683	0.05120481927710843	0.019076305220883535	0.03112449799196787	0.10240963855421686	0.03815261044176707	0.055220883534136546	0.013052208835341365	0.02710843373493976
sp|O48814|BIK1_ARATH	0.06329113924050633	0.010126582278481013	0.053164556962025315	0.05063291139240506	0.04810126582278481	0.0759493670886076	0.02278481012658228	0.027848101265822784	0.0759493670886076	0.12151898734177215	0.017721518987341773	0.04050632911392405	0.04556962025316456	0.03291139240506329	0.05822784810126582	0.08860759493670886	0.053164556962025315	0.06835443037974684	0.010126582278481013	0.035443037974683546
tr|Q9LSK7|Q9LSK7_ARATH	0.09791666666666667	0.004166666666666667	0.020833333333333332	0.0625	0.016666666666666666	0.07916666666666666	0.025	0.0375	0.05625	0.04375	0.027083333333333334	0.027083333333333334	0.11875	0.08125	0.06666666666666667	0.07708333333333334	0.0625	0.07916666666666666	0.0020833333333333333	0.014583333333333334
sp|Q9LME2|SYCP1_ARATH	0.06314580941446613	0.011481056257175661	0.05970149253731343	0.12629161882893225	0.022962112514351322	0.022962112514351322	0.01951779563719862	0.03559127439724455	0.12055109070034443	0.12169919632606199	0.01722158438576349	0.04707233065442021	0.01722158438576349	0.0677382319173364	0.04822043628013777	0.09299655568312284	0.04707233065442021	0.04133180252583238	0.002296211251435132	0.014925373134328358
tr|E1AQY1|E1AQY1_9ASPA	0.06310679611650485	0.014563106796116505	0.04854368932038835	0.11650485436893204	0.05339805825242718	0.0825242718446602	0.024271844660194174	0.04854368932038835	0.05825242718446602	0.11650485436893204	0.009708737864077669	0.019417475728155338	0.043689320388349516	0.019417475728155338	0.05825242718446602	0.0825242718446602	0.03398058252427184	0.06796116504854369	0.009708737864077669	0.02912621359223301
tr|Q9LSA9|Q9LSA9_ARATH	0.08259587020648967	0.014749262536873156	0.04424778761061947	0.04424778761061947	0.038348082595870206	0.07964601769911504	0.0029498525073746312	0.06784660766961652	0.029498525073746312	0.07669616519174041	0.02654867256637168	0.06489675516224189	0.05014749262536873	0.02064896755162242	0.06784660766961652	0.11209439528023599	0.07964601769911504	0.07669616519174041	0.008849557522123894	0.011799410029498525
sp|Q9ZPF5|ARGI2_ARATH	0.06686046511627906	0.005813953488372093	0.06395348837209303	0.0755813953488372	0.03197674418604651	0.09593023255813954	0.02616279069767442	0.05232558139534884	0.04941860465116279	0.10174418604651163	0.029069767441860465	0.02616279069767442	0.04941860465116279	0.029069767441860465	0.07267441860465117	0.06395348837209303	0.0377906976744186	0.09011627906976744	0.005813953488372093	0.02616279069767442
sp|Q9FNJ8|AROD5_ARATH	0.12	0.01647058823529412	0.047058823529411764	0.047058823529411764	0.03764705882352941	0.05411764705882353	0.03529411764705882	0.04941176470588235	0.03529411764705882	0.08235294117647059	0.011764705882352941	0.042352941176470586	0.05647058823529412	0.04	0.05176470588235294	0.10352941176470588	0.04941176470588235	0.08470588235294117	0.007058823529411765	0.02823529411764706
sp|Q9SSE7|AROD2_ARATH	0.10498687664041995	0.015748031496062992	0.047244094488188976	0.06824146981627296	0.03937007874015748	0.05511811023622047	0.026246719160104987	0.04461942257217848	0.04461942257217848	0.11548556430446194	0.015748031496062992	0.06036745406824147	0.04461942257217848	0.023622047244094488	0.07349081364829396	0.07086614173228346	0.03937007874015748	0.08136482939632546	0.0026246719160104987	0.026246719160104987
sp|Q9LZ66|SIR_ARATH	0.06230529595015576	0.012461059190031152	0.048286604361370715	0.06853582554517133	0.04205607476635514	0.0794392523364486	0.01557632398753894	0.048286604361370715	0.06386292834890965	0.0794392523364486	0.024922118380062305	0.03894080996884735	0.059190031152647975	0.03894080996884735	0.06074766355140187	0.06542056074766354	0.06074766355140187	0.0778816199376947	0.012461059190031152	0.040498442367601244
tr|K7TS29|K7TS29_MAIZE	0.09583333333333334	0.025	0.07083333333333333	0.0625	0.05416666666666667	0.09166666666666666	0.058333333333333334	0.020833333333333332	0.0375	0.058333333333333334	0.025	0.020833333333333332	0.07916666666666666	0.05	0.058333333333333334	0.07083333333333333	0.0625	0.0375	0.004166666666666667	0.016666666666666666
sp|P13114|CHSY_ARATH	0.08354430379746836	0.015189873417721518	0.060759493670886074	0.06329113924050633	0.035443037974683546	0.08607594936708861	0.030379746835443037	0.053164556962025315	0.06329113924050633	0.10126582278481013	0.035443037974683546	0.02278481012658228	0.04810126582278481	0.027848101265822784	0.04556962025316456	0.06329113924050633	0.05569620253164557	0.0810126582278481	0.010126582278481013	0.017721518987341773
sp|A0A0P0XII1|CERK1_ORYSJ	0.10096153846153846	0.01282051282051282	0.04326923076923077	0.049679487179487176	0.03365384615384615	0.08653846153846154	0.01282051282051282	0.05448717948717949	0.038461538461538464	0.09775641025641026	0.022435897435897436	0.049679487179487176	0.049679487179487176	0.02564102564102564	0.038461538461538464	0.08493589743589744	0.0625	0.07852564102564102	0.004807692307692308	0.052884615384615384
