#	A	C	D	E	F	G	H	I	K	L	M	N	P	Q	R	S	T	V	W	Y
sp|P00550|PTM3C_ECOLI	0.10047095761381476	0.006279434850863423	0.0423861852433281	0.05337519623233909	0.04552590266875981	0.10518053375196232	0.02040816326530612	0.0847723704866562	0.04866562009419152	0.10518053375196232	0.03924646781789639	0.03610675039246468	0.04081632653061224	0.023547880690737835	0.03610675039246468	0.06279434850863422	0.04709576138147567	0.07849293563579278	0.006279434850863423	0.01726844583987441
sp|P03004|DNAA_ECOLI	0.10706638115631692	0.006423982869379015	0.05139186295503212	0.06638115631691649	0.044967880085653104	0.04925053533190578	0.019271948608137045	0.04925053533190578	0.04925053533190578	0.10278372591006424	0.017130620985010708	0.06209850107066381	0.044967880085653104	0.04925053533190578	0.07708779443254818	0.05139186295503212	0.05353319057815846	0.06423982869379015	0.010706638115631691	0.023554603854389723
sp|P04395|3MG2_ECOLI	0.14184397163120568	0.014184397163120567	0.04609929078014184	0.04609929078014184	0.031914893617021274	0.07092198581560284	0.014184397163120567	0.0425531914893617	0.028368794326241134	0.11702127659574468	0.028368794326241134	0.02127659574468085	0.07092198581560284	0.04964539007092199	0.07092198581560284	0.031914893617021274	0.04609929078014184	0.05319148936170213	0.031914893617021274	0.0425531914893617
sp|P0A8H3|ZUPT_ECOLI	0.13229571984435798	0.0038910505836575876	0.01556420233463035	0.0311284046692607	0.042801556420233464	0.11673151750972763	0.01556420233463035	0.08171206225680934	0.023346303501945526	0.16342412451361868	0.058365758754863814	0.027237354085603113	0.058365758754863814	0.019455252918287938	0.01556420233463035	0.07003891050583658	0.03501945525291829	0.06614785992217899	0.007782101167315175	0.01556420233463035
sp|P0AAD8|TDCC_ECOLI	0.07900677200902935	0.013544018058690745	0.024830699774266364	0.02708803611738149	0.08126410835214447	0.0744920993227991	0.011286681715575621	0.08803611738148984	0.04288939051918736	0.1309255079006772	0.03611738148984198	0.03611738148984198	0.033860045146726865	0.013544018058690745	0.02708803611738149	0.08577878103837472	0.0654627539503386	0.0744920993227991	0.020316027088036117	0.033860045146726865
sp|P0ABI4|CORA_ECOLI	0.07278481012658228	0.0031645569620253164	0.06329113924050633	0.10443037974683544	0.06962025316455696	0.04746835443037975	0.015822784810126583	0.060126582278481014	0.02531645569620253	0.1360759493670886	0.03164556962025317	0.04113924050632911	0.03481012658227848	0.04430379746835443	0.07278481012658228	0.060126582278481014	0.028481012658227847	0.05063291139240506	0.012658227848101266	0.02531645569620253
sp|P0AD99|BRNQ_ECOLI	0.12984054669703873	0.011389521640091117	0.022779043280182234	0.01366742596810934	0.05922551252847381	0.09111617312072894	0.01366742596810934	0.07289293849658314	0.011389521640091117	0.13895216400911162	0.022779043280182234	0.02050113895216401	0.04555808656036447	0.025056947608200455	0.03189066059225513	0.07289293849658314	0.06378132118451026	0.1070615034168565	0.018223234624145785	0.02733485193621868
sp|P0AFJ7|PITA_ECOLI	0.11022044088176353	0.004008016032064128	0.03406813627254509	0.022044088176352707	0.036072144288577156	0.09418837675350701	0.02404809619238477	0.06813627254509018	0.04208416833667335	0.1342685370741483	0.04609218436873747	0.03006012024048096	0.03406813627254509	0.026052104208416832	0.036072144288577156	0.06613226452905811	0.07014028056112225	0.08216432865731463	0.01603206412825651	0.02404809619238477
sp|P0AFR2|DAUA_ECOLI	0.12343470483005367	0.01073345259391771	0.03577817531305903	0.023255813953488372	0.04830053667262969	0.09123434704830054	0.017889087656529516	0.08586762075134168	0.02146690518783542	0.14669051878354203	0.03756708407871199	0.01967799642218247	0.05366726296958855	0.025044722719141325	0.04830053667262969	0.05008944543828265	0.046511627906976744	0.08944543828264759	0.012522361359570662	0.012522361359570662
sp|P0AGE4|SSTT_ECOLI	0.11835748792270531	0.01932367149758454	0.026570048309178744	0.016908212560386472	0.043478260869565216	0.07971014492753623	0.012077294685990338	0.06763285024154589	0.021739130434782608	0.15942028985507245	0.03140096618357488	0.04830917874396135	0.04106280193236715	0.01932367149758454	0.033816425120772944	0.07729468599033816	0.057971014492753624	0.10144927536231885	0.012077294685990338	0.012077294685990338
sp|P24177|ACRD_ECOLI	0.10318225650916105	0.003857280617164899	0.04532304725168756	0.04532304725168756	0.048216007714561235	0.0781099324975892	0.010607521697203472	0.05400192864030858	0.033751205400192864	0.10607521697203472	0.03857280617164899	0.040501446480231434	0.041465766634522665	0.05303760848601736	0.04532304725168756	0.06460945033751206	0.06171648987463838	0.08678881388621022	0.010607521697203472	0.02892960462873674
sp|P46136|YDDG_ECOLI	0.10238907849829351	0.017064846416382253	0.006825938566552901	0.017064846416382253	0.05802047781569966	0.10580204778156997	0.013651877133105802	0.08191126279863481	0.017064846416382253	0.15358361774744028	0.023890784982935155	0.034129692832764506	0.03754266211604096	0.020477815699658702	0.023890784982935155	0.06825938566552901	0.06484641638225255	0.07849829351535836	0.030716723549488054	0.04436860068259386
sp|P69423|TATC_ECOLI	0.08527131782945736	0.015503875968992248	0.027131782945736434	0.05813953488372093	0.08527131782945736	0.04263565891472868	0.011627906976744186	0.07364341085271318	0.031007751937984496	0.12790697674418605	0.03488372093023256	0.01937984496124031	0.06201550387596899	0.023255813953488372	0.03488372093023256	0.06589147286821706	0.046511627906976744	0.10852713178294573	0.007751937984496124	0.03875968992248062
sp|P69786|PTGCB_ECOLI	0.1278825995807128	0.006289308176100629	0.029350104821802937	0.031446540880503145	0.06708595387840671	0.10482180293501048	0.020964360587002098	0.09224318658280922	0.0440251572327044	0.09224318658280922	0.031446540880503145	0.033542976939203356	0.04821802935010482	0.018867924528301886	0.025157232704402517	0.05870020964360587	0.041928721174004195	0.08385744234800839	0.012578616352201259	0.029350104821802937
sp|P69797|PTNAB_ECOLI	0.11455108359133127	0.0	0.06191950464396285	0.07120743034055728	0.021671826625386997	0.06811145510835913	0.01238390092879257	0.058823529411764705	0.07739938080495357	0.07739938080495357	0.034055727554179564	0.043343653250773995	0.05263157894736842	0.021671826625386997	0.043343653250773995	0.02786377708978328	0.06811145510835913	0.11764705882352941	0.01238390092879257	0.015479876160990712
sp|P76630|YGAZ_ECOLI	0.14285714285714285	0.02040816326530612	0.0163265306122449	0.02857142857142857	0.07346938775510205	0.08163265306122448	0.004081632653061225	0.0653061224489796	0.02040816326530612	0.11428571428571428	0.0326530612244898	0.0163265306122449	0.04897959183673469	0.036734693877551024	0.036734693877551024	0.09795918367346938	0.04897959183673469	0.06938775510204082	0.02857142857142857	0.0163265306122449
sp|A1A5B4|ANO9_HUMAN	0.06649616368286446	0.020460358056265986	0.03836317135549872	0.06521739130434782	0.06521739130434782	0.04859335038363171	0.028132992327365727	0.05754475703324808	0.03964194373401535	0.11253196930946291	0.0319693094629156	0.026854219948849106	0.04603580562659847	0.0370843989769821	0.07161125319693094	0.054987212276214836	0.054987212276214836	0.08056265984654731	0.021739130434782608	0.0319693094629156
sp|O00341|EAA5_HUMAN	0.09107142857142857	0.019642857142857142	0.03571428571428571	0.04642857142857143	0.04642857142857143	0.06785714285714285	0.01607142857142857	0.08392857142857142	0.03571428571428571	0.11607142857142858	0.03571428571428571	0.030357142857142857	0.055357142857142855	0.03214285714285714	0.04107142857142857	0.06428571428571428	0.06428571428571428	0.09285714285714286	0.005357142857142857	0.019642857142857142
sp|O14804|TAAR5_HUMAN	0.0830860534124629	0.04154302670623145	0.02967359050445104	0.02373887240356083	0.08605341246290801	0.04154302670623145	0.02373887240356083	0.06824925816023739	0.032640949554896145	0.14836795252225518	0.017804154302670624	0.020771513353115726	0.04451038575667656	0.03560830860534125	0.03560830860534125	0.05934718100890208	0.06528189910979229	0.0771513353115727	0.02373887240356083	0.04154302670623145
sp|O14979|HNRDL_HUMAN	0.08095238095238096	0.007142857142857143	0.047619047619047616	0.05476190476190476	0.03571428571428571	0.12142857142857143	0.01904761904761905	0.030952380952380953	0.06666666666666667	0.05476190476190476	0.011904761904761904	0.04285714285714286	0.06190476190476191	0.06666666666666667	0.07857142857142857	0.0761904761904762	0.04285714285714286	0.03571428571428571	0.007142857142857143	0.05714285714285714
sp|O15400|STX7_HUMAN	0.05747126436781609	0.007662835249042145	0.05363984674329502	0.08812260536398467	0.022988505747126436	0.038314176245210725	0.01532567049808429	0.09195402298850575	0.04980842911877394	0.07662835249042145	0.01532567049808429	0.038314176245210725	0.03065134099616858	0.12260536398467432	0.06896551724137931	0.0842911877394636	0.05363984674329502	0.06130268199233716	0.007662835249042145	0.01532567049808429
sp|O43663|PRC1_HUMAN	0.05967741935483871	0.01935483870967742	0.03225806451612903	0.12741935483870967	0.027419354838709678	0.037096774193548385	0.01935483870967742	0.04516129032258064	0.08064516129032258	0.11129032258064517	0.025806451612903226	0.037096774193548385	0.035483870967741936	0.06612903225806452	0.07096774193548387	0.07741935483870968	0.05161290322580645	0.0467741935483871	0.01129032258064516	0.017741935483870968
sp|O60669|MOT2_HUMAN	0.08158995815899582	0.014644351464435146	0.02301255230125523	0.03347280334728033	0.07112970711297072	0.08368200836820083	0.010460251046025104	0.058577405857740586	0.058577405857740586	0.1087866108786611	0.03347280334728033	0.03765690376569038	0.058577405857740586	0.02301255230125523	0.029288702928870293	0.09623430962343096	0.04184100418410042	0.08158995815899582	0.012552301255230125	0.04184100418410042
sp|O75387|LAT3_HUMAN	0.07692307692307693	0.026833631484794274	0.028622540250447227	0.03577817531305903	0.06440071556350627	0.07871198568872988	0.012522361359570662	0.046511627906976744	0.028622540250447227	0.148479427549195	0.03577817531305903	0.03577817531305903	0.046511627906976744	0.04114490161001789	0.03935599284436494	0.07513416815742398	0.07692307692307693	0.057245080500894455	0.016100178890876567	0.028622540250447227
sp|O75821|EIF3G_HUMAN	0.059375	0.015625	0.071875	0.0875	0.0375	0.075	0.009375	0.046875	0.090625	0.065625	0.015625	0.040625	0.071875	0.03125	0.059375	0.065625	0.08125	0.046875	0.0125	0.015625
sp|O94811|TPPP_HUMAN	0.1050228310502283	0.0136986301369863	0.0639269406392694	0.0776255707762557	0.0365296803652968	0.0958904109589041	0.0228310502283105	0.0365296803652968	0.1187214611872146	0.045662100456621	0.0091324200913242	0.0136986301369863	0.0410958904109589	0.0228310502283105	0.0684931506849315	0.0867579908675799	0.0593607305936073	0.0639269406392694	0.0045662100456621	0.0136986301369863
sp|O95232|LC7L3_HUMAN	0.03935185185185185	0.016203703703703703	0.06712962962962964	0.1412037037037037	0.013888888888888888	0.04398148148148148	0.023148148148148147	0.023148148148148147	0.09953703703703703	0.0625	0.018518518518518517	0.023148148148148147	0.011574074074074073	0.04398148148148148	0.1712962962962963	0.11342592592592593	0.034722222222222224	0.034722222222222224	0.0023148148148148147	0.016203703703703703
sp|P04920|B3A2_HUMAN	0.0854149879129734	0.008058017727639	0.040290088638195005	0.0854149879129734	0.0499597099113618	0.07655116841257051	0.029008863819500404	0.041901692183722805	0.0362610797743755	0.1200644641418211	0.023368251410153102	0.016116035455278	0.07332796132151491	0.0378726833199033	0.07010475423045931	0.06688154713940371	0.048348106365834004	0.0692989524576954	0.008058017727639	0.0136986301369863
sp|P12314|FCGR1_HUMAN	0.0374331550802139	0.01871657754010695	0.026737967914438502	0.0748663101604278	0.034759358288770054	0.06417112299465241	0.03208556149732621	0.03208556149732621	0.05614973262032086	0.13636363636363635	0.0106951871657754	0.034759358288770054	0.040106951871657755	0.05080213903743316	0.05080213903743316	0.08288770053475936	0.08021390374331551	0.0748663101604278	0.029411764705882353	0.03208556149732621
sp|P14866|HNRPL_HUMAN	0.06791171477079797	0.01867572156196944	0.050933786078098474	0.050933786078098474	0.035653650254668934	0.12054329371816638	0.030560271646859084	0.030560271646859084	0.04923599320882852	0.059422750424448216	0.023769100169779286	0.05602716468590832	0.0831918505942275	0.044142614601018676	0.06112054329371817	0.0730050933786078	0.028862478777589132	0.06451612903225806	0.003395585738539898	0.04753820033955857
sp|P31943|HNRH1_HUMAN	0.0645879732739421	0.011135857461024499	0.053452115812917596	0.06904231625835189	0.0556792873051225	0.14699331848552338	0.026726057906458798	0.0334075723830735	0.035634743875278395	0.04899777282850779	0.0334075723830735	0.042316258351893093	0.0378619153674833	0.0400890868596882	0.06904231625835189	0.08240534521158129	0.035634743875278395	0.0556792873051225	0.004454342984409799	0.053452115812917596
sp|P47813|IF1AX_HUMAN	0.04861111111111111	0.013888888888888888	0.13194444444444445	0.09027777777777778	0.027777777777777776	0.09722222222222222	0.013888888888888888	0.0763888888888889	0.1111111111111111	0.06944444444444445	0.020833333333333332	0.0625	0.020833333333333332	0.027777777777777776	0.06944444444444445	0.020833333333333332	0.020833333333333332	0.041666666666666664	0.006944444444444444	0.027777777777777776
sp|P55017|S12A3_HUMAN	0.07933398628795299	0.019588638589618023	0.04113614103819784	0.04505386875612145	0.05288932419196866	0.07639569049951028	0.021547502448579822	0.08129285014691479	0.04407443682664055	0.098922624877571	0.024485798237022526	0.040156709108716944	0.050930460333006855	0.029382957884427033	0.04603330068560235	0.07149853085210578	0.05582761998041136	0.06856023506366307	0.019588638589618023	0.03330068560235064
sp|P62995|TRA2B_HUMAN	0.041666666666666664	0.006944444444444444	0.06597222222222222	0.03819444444444445	0.020833333333333332	0.09375	0.03125	0.020833333333333332	0.024305555555555556	0.017361111111111112	0.013888888888888888	0.020833333333333332	0.041666666666666664	0.017361111111111112	0.2222222222222222	0.18055555555555555	0.03125	0.027777777777777776	0.003472222222222222	0.0798611111111111
sp|Q04323|UBXN1_HUMAN	0.09764309764309764	0.006734006734006734	0.037037037037037035	0.15824915824915825	0.013468013468013467	0.08080808080808081	0.010101010101010102	0.020202020202020204	0.04040404040404041	0.09764309764309764	0.02356902356902357	0.003367003367003367	0.07407407407407407	0.0707070707070707	0.12121212121212122	0.05723905723905724	0.030303030303030304	0.04377104377104377	0.003367003367003367	0.010101010101010102
sp|Q0JRZ9|FCHO2_HUMAN	0.07530864197530865	0.011111111111111112	0.04197530864197531	0.07777777777777778	0.03209876543209877	0.04814814814814815	0.016049382716049384	0.05185185185185185	0.08395061728395062	0.07530864197530865	0.019753086419753086	0.050617283950617285	0.06296296296296296	0.03827160493827161	0.030864197530864196	0.11728395061728394	0.06790123456790123	0.06296296296296296	0.008641975308641974	0.027160493827160494
sp|Q12934|BFSP1_HUMAN	0.08571428571428572	0.007518796992481203	0.04962406015037594	0.13984962406015036	0.013533834586466165	0.05714285714285714	0.016541353383458645	0.04360902255639098	0.07067669172932331	0.09323308270676692	0.007518796992481203	0.01804511278195489	0.055639097744360905	0.06466165413533835	0.07368421052631578	0.06466165413533835	0.055639097744360905	0.05714285714285714	0.0015037593984962407	0.02406015037593985
sp|Q13190|STX5_HUMAN	0.07323943661971831	0.005633802816901409	0.05070422535211268	0.05352112676056338	0.03943661971830986	0.03943661971830986	0.016901408450704224	0.07042253521126761	0.061971830985915494	0.10422535211267606	0.02535211267605634	0.036619718309859155	0.03943661971830986	0.08169014084507042	0.059154929577464786	0.10140845070422536	0.056338028169014086	0.0676056338028169	0.0028169014084507044	0.014084507042253521
sp|Q13257|MD2L1_HUMAN	0.03902439024390244	0.014634146341463415	0.05365853658536585	0.08780487804878048	0.04390243902439024	0.03414634146341464	0.004878048780487805	0.08292682926829269	0.06341463414634146	0.1024390243902439	0.00975609756097561	0.03414634146341464	0.02926829268292683	0.05365853658536585	0.04878048780487805	0.08292682926829269	0.07317073170731707	0.09268292682926829	0.014634146341463415	0.03414634146341464
sp|Q13325|IFIT5_HUMAN	0.08713692946058091	0.016597510373443983	0.05186721991701245	0.0954356846473029	0.03941908713692946	0.03941908713692946	0.035269709543568464	0.04771784232365145	0.1016597510373444	0.12033195020746888	0.014522821576763486	0.03941908713692946	0.022821576763485476	0.043568464730290454	0.043568464730290454	0.058091286307053944	0.04149377593360996	0.03734439834024896	0.01037344398340249	0.05394190871369295
sp|Q13336|UT1_HUMAN	0.07969151670951156	0.02570694087403599	0.030848329048843187	0.02313624678663239	0.05141388174807198	0.07969151670951156	0.007712082262210797	0.05398457583547558	0.033419023136246784	0.14910025706940874	0.05141388174807198	0.04113110539845758	0.061696658097686374	0.02570694087403599	0.02056555269922879	0.07969151670951156	0.05398457583547558	0.06940874035989718	0.030848329048843187	0.030848329048843187
sp|Q13651|I10R1_HUMAN	0.06055363321799308	0.02249134948096886	0.04498269896193772	0.06920415224913495	0.04325259515570934	0.07612456747404844	0.029411764705882353	0.03460207612456748	0.03633217993079585	0.11937716262975778	0.006920415224913495	0.03460207612456748	0.07439446366782007	0.039792387543252594	0.039792387543252594	0.11418685121107267	0.06228373702422145	0.05536332179930796	0.015570934256055362	0.020761245674740483
sp|Q15386|UBE3C_HUMAN	0.05355493998153278	0.017543859649122806	0.0443213296398892	0.07386888273314866	0.06001846722068329	0.04986149584487535	0.02123730378578024	0.05355493998153278	0.046168051708217916	0.13204062788550322	0.023084025854108958	0.038781163434903045	0.046168051708217916	0.04524469067405355	0.06371191135734072	0.08587257617728532	0.040627885503231764	0.06001846722068329	0.008310249307479225	0.036011080332409975
sp|Q15560|TCEA2_HUMAN	0.0903010033444816	0.03678929765886288	0.06020066889632107	0.07357859531772576	0.016722408026755852	0.04013377926421405	0.013377926421404682	0.046822742474916385	0.0802675585284281	0.07357859531772576	0.046822742474916385	0.033444816053511704	0.05016722408026756	0.033444816053511704	0.09698996655518395	0.06688963210702341	0.07692307692307693	0.05016722408026756	0.006688963210702341	0.006688963210702341
sp|Q495M3|S36A2_HUMAN	0.06625258799171843	0.022774327122153208	0.031055900621118012	0.033126293995859216	0.053830227743271224	0.057971014492753624	0.018633540372670808	0.08902691511387163	0.043478260869565216	0.15113871635610765	0.035196687370600416	0.039337474120082816	0.051759834368530024	0.022774327122153208	0.028985507246376812	0.08281573498964803	0.057971014492753624	0.07453416149068323	0.010351966873706004	0.028985507246376812
sp|Q5VZL5|ZMYM4_HUMAN	0.05297157622739018	0.03940568475452196	0.04974160206718346	0.07299741602067183	0.03940568475452196	0.04974160206718346	0.01808785529715762	0.041343669250646	0.07816537467700259	0.08139534883720931	0.025193798449612403	0.047157622739018086	0.05749354005167959	0.05555555555555555	0.03940568475452196	0.10529715762273902	0.0562015503875969	0.05749354005167959	0.005813953488372093	0.027131782945736434
sp|Q86WV1|SKAP1_HUMAN	0.04735376044568245	0.013927576601671309	0.09192200557103064	0.12534818941504178	0.03899721448467967	0.07520891364902507	0.019498607242339833	0.04456824512534819	0.055710306406685235	0.08635097493036212	0.011142061281337047	0.019498607242339833	0.03899721448467967	0.04735376044568245	0.055710306406685235	0.0807799442896936	0.036211699164345405	0.03899721448467967	0.022284122562674095	0.05013927576601671
sp|Q8N697|S15A4_HUMAN	0.1265164644714038	0.022530329289428077	0.025996533795493933	0.029462738301559793	0.0658578856152513	0.09358752166377816	0.01559792027729636	0.058925476603119586	0.03292894280762565	0.12998266897746968	0.02079722703639515	0.02772963604852686	0.043327556325823226	0.03292894280762565	0.04679376083188908	0.07279029462738301	0.04852686308492201	0.060658578856152515	0.01559792027729636	0.029462738301559793
sp|Q8NCR0|B3GL2_HUMAN	0.058	0.026	0.054	0.068	0.038	0.066	0.026	0.048	0.038	0.114	0.01	0.046	0.054	0.038	0.056	0.066	0.042	0.086	0.032	0.034
sp|Q8NDV3|SMC1B_HUMAN	0.05263157894736842	0.017813765182186234	0.04777327935222672	0.1214574898785425	0.03805668016194332	0.03724696356275304	0.02348178137651822	0.06882591093117409	0.11174089068825911	0.10445344129554655	0.016194331983805668	0.03643724696356275	0.01700404858299595	0.07125506072874493	0.05910931174089069	0.06072874493927125	0.03967611336032389	0.05020242914979757	0.0032388663967611335	0.022672064777327937
sp|Q8WWY3|PRP31_HUMAN	0.08617234468937876	0.008016032064128256	0.04008016032064128	0.11022044088176353	0.02404809619238477	0.06412825651302605	0.012024048096192385	0.056112224448897796	0.08016032064128256	0.09218436873747494	0.03006012024048096	0.036072144288577156	0.036072144288577156	0.04609218436873747	0.05410821643286573	0.0841683366733467	0.050100200400801605	0.05811623246492986	0.004008016032064128	0.028056112224448898
sp|Q969I6|S38A4_HUMAN	0.06398537477148081	0.007312614259597806	0.03473491773308958	0.04936014625228519	0.06398537477148081	0.06764168190127971	0.02376599634369287	0.08775137111517367	0.04936014625228519	0.12248628884826325	0.04021937842778794	0.04753199268738574	0.04936014625228519	0.012797074954296161	0.021937842778793418	0.08592321755027423	0.043875685557586835	0.07495429616087751	0.007312614259597806	0.04570383912248629
sp|Q9C0H2|TTYH3_HUMAN	0.09560229445506692	0.032504780114722756	0.04780114722753346	0.05353728489483748	0.02676864244741874	0.06500956022944551	0.02676864244741874	0.028680688336520075	0.015296367112810707	0.14149139579349904	0.01338432122370937	0.022944550669216062	0.05162523900573614	0.04397705544933078	0.05162523900573614	0.08604206500956023	0.05162523900573614	0.08030592734225621	0.022944550669216062	0.04206500956022945
sp|Q9GZU1|MCLN1_HUMAN	0.05862068965517241	0.034482758620689655	0.04655172413793104	0.039655172413793106	0.0603448275862069	0.06724137931034482	0.02413793103448276	0.05862068965517241	0.029310344827586206	0.12586206896551724	0.01896551724137931	0.032758620689655175	0.05344827586206897	0.03793103448275862	0.05517241379310345	0.07931034482758621	0.05517241379310345	0.06896551724137931	0.01206896551724138	0.041379310344827586
sp|Q9H1B5|XYLT2_HUMAN	0.08208092485549133	0.016184971098265895	0.05202312138728324	0.05433526011560694	0.03815028901734104	0.07283236994219654	0.025433526011560695	0.021965317919075144	0.03699421965317919	0.10867052023121387	0.016184971098265895	0.025433526011560695	0.07861271676300578	0.048554913294797684	0.07630057803468208	0.06820809248554913	0.05433526011560694	0.06936416184971098	0.025433526011560695	0.028901734104046242
sp|Q9H270|VPS11_HUMAN	0.061636556854410204	0.024442082890541977	0.057385759829968117	0.06801275239107332	0.044633368756641874	0.053134962805526036	0.04250797024442083	0.048884165781083955	0.061636556854410204	0.11158342189160468	0.01700318809776833	0.03400637619553666	0.03825717321997875	0.06482465462274177	0.05526036131774708	0.0669500531349628	0.048884165781083955	0.053134962805526036	0.008501594048884165	0.039319872476089264
sp|Q9H2J7|S6A15_HUMAN	0.056164383561643834	0.021917808219178082	0.045205479452054796	0.056164383561643834	0.06575342465753424	0.0684931506849315	0.012328767123287671	0.07945205479452055	0.04794520547945205	0.10684931506849316	0.031506849315068496	0.045205479452054796	0.04657534246575343	0.024657534246575342	0.0273972602739726	0.07808219178082192	0.03972602739726028	0.0863013698630137	0.01780821917808219	0.04246575342465753
sp|Q9H492|MLP3A_HUMAN	0.03305785123966942	0.008264462809917356	0.06611570247933884	0.06611570247933884	0.06611570247933884	0.024793388429752067	0.024793388429752067	0.06611570247933884	0.0743801652892562	0.0743801652892562	0.03305785123966942	0.024793388429752067	0.06611570247933884	0.08264462809917356	0.0743801652892562	0.06611570247933884	0.03305785123966942	0.08264462809917356	0.0	0.03305785123966942
sp|Q9HBJ8|CLTRN_HUMAN	0.08108108108108109	0.018018018018018018	0.05405405405405406	0.06756756756756757	0.05855855855855856	0.03153153153153153	0.018018018018018018	0.0945945945945946	0.04954954954954955	0.0945945945945946	0.036036036036036036	0.06306306306306306	0.05855855855855856	0.02252252252252252	0.04954954954954955	0.04954954954954955	0.05405405405405406	0.06756756756756757	0.02252252252252252	0.009009009009009009
sp|Q9NRA2|S17A5_HUMAN	0.08686868686868687	0.01616161616161616	0.028282828282828285	0.030303030303030304	0.06262626262626263	0.08484848484848485	0.024242424242424242	0.07676767676767676	0.03232323232323232	0.11717171717171718	0.020202020202020204	0.03838383838383838	0.050505050505050504	0.024242424242424242	0.03434343434343434	0.07676767676767676	0.06262626262626263	0.06262626262626263	0.030303030303030304	0.04040404040404041
sp|Q9NWQ8|PHAG1_HUMAN	0.06481481481481481	0.018518518518518517	0.06018518518518518	0.11342592592592593	0.018518518518518517	0.06481481481481481	0.018518518518518517	0.03009259259259259	0.05787037037037037	0.08101851851851852	0.020833333333333332	0.041666666666666664	0.06481481481481481	0.046296296296296294	0.034722222222222224	0.12037037037037036	0.06944444444444445	0.04861111111111111	0.0023148148148148147	0.023148148148148147
sp|Q9NY26|S39A1_HUMAN	0.12037037037037036	0.024691358024691357	0.015432098765432098	0.05864197530864197	0.040123456790123455	0.08950617283950617	0.024691358024691357	0.040123456790123455	0.015432098765432098	0.20987654320987653	0.018518518518518517	0.006172839506172839	0.06172839506172839	0.046296296296296294	0.037037037037037035	0.06172839506172839	0.033950617283950615	0.07716049382716049	0.009259259259259259	0.009259259259259259
sp|Q9UJ71|CLC4K_HUMAN	0.06402439024390244	0.01524390243902439	0.039634146341463415	0.06097560975609756	0.036585365853658534	0.054878048780487805	0.009146341463414634	0.051829268292682924	0.07621951219512195	0.0975609756097561	0.018292682926829267	0.057926829268292686	0.057926829268292686	0.051829268292682924	0.03353658536585366	0.08841463414634146	0.057926829268292686	0.07317073170731707	0.027439024390243903	0.027439024390243903
sp|Q9Y6Y9|LY96_HUMAN	0.025	0.04375	0.0375	0.05	0.08125	0.0375	0.0125	0.08125	0.08125	0.0875	0.025	0.05625	0.04375	0.03125	0.0375	0.10625	0.05	0.05	0.00625	0.05625
sp|A2A5Z6|SMUF2_MOUSE	0.034759358288770054	0.022727272727272728	0.06149732620320856	0.06016042780748663	0.040106951871657755	0.06818181818181818	0.03609625668449198	0.04679144385026738	0.053475935828877004	0.10160427807486631	0.012032085561497326	0.05080213903743316	0.05481283422459893	0.05481283422459893	0.07352941176470588	0.04946524064171123	0.06149732620320856	0.06550802139037433	0.017379679144385027	0.034759358288770054
sp|A2AHC3|CAMP1_MOUSE	0.07463630613535736	0.015812776723592662	0.061353573687539534	0.08285895003162555	0.024667931688804556	0.04996837444655281	0.0290955091714105	0.036685641998734975	0.07653383934218849	0.08855154965211891	0.0196078431372549	0.02340290955091714	0.07400379506641366	0.05439595192915876	0.06008855154965212	0.10309930423782417	0.04680581910183428	0.05249841872232764	0.006957621758380772	0.018975332068311195
sp|A2RSY1|KANL3_MOUSE	0.08416389811738649	0.012181616832779624	0.03875968992248062	0.04540420819490587	0.021040974529346623	0.06976744186046512	0.02547065337763012	0.03875968992248062	0.05094130675526024	0.10852713178294573	0.017718715393133997	0.023255813953488372	0.07973421926910298	0.044296788482835	0.05647840531561462	0.1184939091915836	0.08305647840531562	0.06866002214839424	0.008859357696566999	0.004429678848283499
sp|P04919|B3AT_MOUSE	0.061356297093649086	0.006458557588805167	0.04198062432723358	0.06566200215285253	0.05166846071044134	0.07319698600645856	0.015069967707212056	0.05705059203444564	0.03552206673842842	0.15823466092572658	0.024757804090419805	0.02045209903121636	0.0688912809472551	0.03552206673842842	0.04951560818083961	0.06458557588805167	0.0527448869752422	0.07857911733046287	0.011840688912809472	0.02691065662002153
sp|P43274|H14_MOUSE	0.2511415525114155	0.0	0.0045662100456621	0.0273972602739726	0.0045662100456621	0.0684931506849315	0.0	0.0091324200913242	0.2785388127853881	0.0410958904109589	0.0045662100456621	0.0136986301369863	0.0867579908675799	0.0045662100456621	0.0228310502283105	0.0730593607305936	0.0684931506849315	0.0365296803652968	0.0	0.0045662100456621
sp|P47873|IL11_MOUSE	0.11055276381909548	0.010050251256281407	0.06030150753768844	0.01507537688442211	0.005025125628140704	0.07035175879396985	0.020100502512562814	0.01507537688442211	0.01507537688442211	0.21608040201005024	0.02512562814070352	0.005025125628140704	0.08542713567839195	0.04020100502512563	0.10050251256281408	0.07537688442211055	0.04020100502512563	0.06532663316582915	0.020100502512562814	0.005025125628140704
sp|P58735|S26A1_MOUSE	0.10653409090909091	0.026988636363636364	0.04403409090909091	0.029829545454545456	0.04403409090909091	0.07386363636363637	0.019886363636363636	0.03835227272727273	0.026988636363636364	0.15625	0.019886363636363636	0.019886363636363636	0.046875	0.04261363636363636	0.05539772727272727	0.07528409090909091	0.04971590909090909	0.09375	0.007102272727272727	0.022727272727272728
sp|P60330|ESPL1_MOUSE	0.09915014164305949	0.03210576015108593	0.04107648725212465	0.06704438149197356	0.030689329556185082	0.054296506137865914	0.021718602455146365	0.028328611898016998	0.04107648725212465	0.1534466477809254	0.0066100094428706326	0.01794145420207743	0.056657223796033995	0.06232294617563739	0.061378659112370164	0.08687440982058546	0.04815864022662889	0.05854579792256846	0.013220018885741265	0.01935788479697828
sp|P70279|SURF6_MOUSE	0.09295774647887324	0.005633802816901409	0.036619718309859155	0.10140845070422536	0.008450704225352112	0.04788732394366197	0.011267605633802818	0.011267605633802818	0.16338028169014085	0.09295774647887324	0.016901408450704224	0.016901408450704224	0.03943661971830986	0.09295774647887324	0.11830985915492957	0.05070422535211268	0.03943661971830986	0.036619718309859155	0.008450704225352112	0.008450704225352112
sp|Q14AT5|ANO7_MOUSE	0.0919674039580908	0.02211874272409779	0.04540162980209546	0.06053550640279395	0.06519208381839348	0.05587892898719441	0.025611175785797437	0.04307334109429569	0.037252619324796274	0.1210710128055879	0.015133876600698487	0.02910360884749709	0.05471478463329453	0.03841676367869616	0.048894062863795114	0.059371362048894066	0.04540162980209546	0.0779976717112922	0.02677532013969732	0.03608847497089639
sp|Q5ISE2|Z36L3_MOUSE	0.2110344827586207	0.012413793103448275	0.03310344827586207	0.038620689655172416	0.031724137931034485	0.08	0.019310344827586208	0.016551724137931035	0.016551724137931035	0.08689655172413793	0.022068965517241378	0.041379310344827586	0.09793103448275862	0.038620689655172416	0.037241379310344824	0.10482758620689656	0.07172413793103448	0.028965517241379312	0.001379310344827586	0.009655172413793104
sp|Q61545|EWS_MOUSE	0.0549618320610687	0.007633587786259542	0.04885496183206107	0.022900763358778626	0.022900763358778626	0.2	0.0061068702290076335	0.0061068702290076335	0.02748091603053435	0.024427480916030534	0.030534351145038167	0.02748091603053435	0.11450381679389313	0.0900763358778626	0.06870229007633588	0.08854961832061069	0.06870229007633588	0.021374045801526718	0.004580152671755725	0.06412213740458016
sp|Q62193|RFA2_MOUSE	0.06296296296296296	0.011111111111111112	0.05555555555555555	0.05185185185185185	0.04814814814814815	0.06296296296296296	0.02962962962962963	0.05555555555555555	0.044444444444444446	0.05555555555555555	0.037037037037037035	0.05925925925925926	0.06666666666666667	0.05185185185185185	0.040740740740740744	0.1	0.05925925925925926	0.08148148148148149	0.007407407407407408	0.018518518518518517
sp|Q62376|RU17_MOUSE	0.046875	0.002232142857142857	0.09151785714285714	0.11830357142857142	0.015625	0.12723214285714285	0.026785714285714284	0.020089285714285716	0.049107142857142856	0.04241071428571429	0.022321428571428572	0.017857142857142856	0.07142857142857142	0.013392857142857142	0.203125	0.05357142857142857	0.022321428571428572	0.022321428571428572	0.004464285714285714	0.029017857142857144
sp|Q67BT3|S13A5_MOUSE	0.08216783216783216	0.027972027972027972	0.03146853146853147	0.04195804195804196	0.05944055944055944	0.045454545454545456	0.01048951048951049	0.055944055944055944	0.05419580419580419	0.1258741258741259	0.057692307692307696	0.038461538461538464	0.05419580419580419	0.026223776223776224	0.022727272727272728	0.05944055944055944	0.06993006993006994	0.08916083916083917	0.024475524475524476	0.022727272727272728
sp|Q6A028|SWP70_MOUSE	0.05811965811965812	0.011965811965811967	0.05128205128205128	0.13504273504273503	0.03076923076923077	0.03418803418803419	0.022222222222222223	0.044444444444444446	0.11452991452991453	0.11965811965811966	0.02564102564102564	0.03247863247863248	0.02564102564102564	0.07521367521367521	0.05128205128205128	0.046153846153846156	0.037606837606837605	0.042735042735042736	0.020512820512820513	0.020512820512820513
sp|Q6NVG1|LPCT4_MOUSE	0.09351145038167939	0.01717557251908397	0.030534351145038167	0.04770992366412214	0.05343511450381679	0.07251908396946564	0.01717557251908397	0.02862595419847328	0.03625954198473282	0.1450381679389313	0.007633587786259542	0.022900763358778626	0.08206106870229007	0.05916030534351145	0.05725190839694656	0.08015267175572519	0.03816793893129771	0.08015267175572519	0.01717557251908397	0.013358778625954198
sp|Q6Q473|CLA4A_MOUSE	0.0735930735930736	0.01406926406926407	0.05627705627705628	0.06493506493506493	0.04220779220779221	0.05844155844155844	0.012987012987012988	0.06926406926406926	0.047619047619047616	0.0735930735930736	0.015151515151515152	0.05519480519480519	0.050865800865800864	0.03571428571428571	0.044372294372294376	0.09740259740259741	0.08333333333333333	0.06168831168831169	0.011904761904761904	0.031385281385281384
sp|Q78KK3|S22AI_MOUSE	0.0960591133004926	0.019704433497536946	0.017241379310344827	0.017241379310344827	0.0665024630541872	0.09113300492610837	0.009852216748768473	0.046798029556650245	0.022167487684729065	0.1896551724137931	0.03694581280788178	0.007389162561576354	0.05172413793103448	0.03940886699507389	0.034482758620689655	0.08374384236453201	0.06403940886699508	0.08374384236453201	0.0024630541871921183	0.019704433497536946
sp|Q7TPS5|C2CD5_MOUSE	0.07283464566929133	0.0265748031496063	0.047244094488188976	0.0688976377952756	0.04232283464566929	0.0610236220472441	0.021653543307086614	0.05216535433070866	0.05019685039370079	0.09350393700787402	0.023622047244094488	0.047244094488188976	0.0610236220472441	0.040354330708661415	0.04330708661417323	0.08366141732283465	0.06200787401574803	0.07381889763779527	0.006889763779527559	0.021653543307086614
sp|Q8BIF2|RFOX3_MOUSE	0.11764705882352941	0.008021390374331552	0.03208556149732621	0.0427807486631016	0.040106951871657755	0.08288770053475936	0.0213903743315508	0.03208556149732621	0.026737967914438502	0.0374331550802139	0.016042780748663103	0.03208556149732621	0.14705882352941177	0.058823529411764705	0.05080213903743316	0.0427807486631016	0.0855614973262032	0.05080213903743316	0.0053475935828877	0.06951871657754011
sp|Q8BL66|EEA1_MOUSE	0.07795889440113395	0.014174344436569808	0.04394046775336641	0.13961729270021261	0.008504606661941885	0.03047484053862509	0.024096385542168676	0.026222537207654145	0.11835577604535791	0.1339475549255847	0.008504606661941885	0.03827072997873848	0.004961020552799433	0.12473423104181432	0.03756201275690999	0.07158043940467754	0.0446491849751949	0.04394046775336641	0.002126151665485471	0.0063784549964564135
sp|Q8C0L6|PAOX_MOUSE	0.07936507936507936	0.015873015873015872	0.04563492063492063	0.08333333333333333	0.057539682539682536	0.08333333333333333	0.027777777777777776	0.03373015873015873	0.03571428571428571	0.11507936507936507	0.015873015873015872	0.017857142857142856	0.05555555555555555	0.04365079365079365	0.04563492063492063	0.07738095238095238	0.06349206349206349	0.06944444444444445	0.01984126984126984	0.013888888888888888
sp|Q8JZQ9|EIF3B_MOUSE	0.0722291407222914	0.008717310087173101	0.07721046077210461	0.09464508094645081	0.047322540473225407	0.05977584059775841	0.0186799501867995	0.049813200498132	0.0684931506849315	0.05977584059775841	0.019925280199252802	0.029887920298879204	0.057285180572851806	0.05105853051058531	0.052303860523038606	0.06973848069738481	0.0460772104607721	0.0660024906600249	0.026151930261519303	0.024906600249066
sp|Q8JZX4|SPF45_MOUSE	0.0691358024691358	0.009876543209876543	0.07654320987654321	0.10617283950617284	0.03209876543209877	0.07407407407407407	0.009876543209876543	0.0345679012345679	0.08888888888888889	0.0691358024691358	0.014814814814814815	0.019753086419753086	0.06419753086419754	0.04197530864197531	0.07901234567901234	0.07407407407407407	0.037037037037037035	0.07160493827160494	0.0024691358024691358	0.024691358024691357
sp|Q8K273|MMGT1_MOUSE	0.09923664122137404	0.007633587786259542	0.061068702290076333	0.03816793893129771	0.06870229007633588	0.04580152671755725	0.03816793893129771	0.030534351145038167	0.05343511450381679	0.1297709923664122	0.022900763358778626	0.04580152671755725	0.030534351145038167	0.015267175572519083	0.06870229007633588	0.09923664122137404	0.061068702290076333	0.05343511450381679	0.007633587786259542	0.022900763358778626
sp|Q91Z92|B3GT6_MOUSE	0.11076923076923077	0.021538461538461538	0.055384615384615386	0.07076923076923076	0.03076923076923077	0.07692307692307693	0.024615384615384615	0.003076923076923077	0.03076923076923077	0.13230769230769232	0.012307692307692308	0.009230769230769232	0.046153846153846156	0.033846153846153845	0.11692307692307692	0.052307692307692305	0.033846153846153845	0.06769230769230769	0.03076923076923077	0.04
sp|Q920F6|SMC1B_MOUSE	0.05128205128205128	0.017628205128205128	0.04887820512820513	0.11618589743589744	0.035256410256410256	0.040865384615384616	0.02403846153846154	0.06810897435897435	0.11057692307692307	0.10256410256410256	0.019230769230769232	0.04326923076923077	0.021634615384615384	0.07131410256410256	0.05048076923076923	0.058493589743589744	0.040865384615384616	0.05368589743589743	0.003205128205128205	0.022435897435897436
sp|Q9CZA6|NDE1_MOUSE	0.08139534883720931	0.0029069767441860465	0.05813953488372093	0.11337209302325581	0.023255813953488372	0.06686046511627906	0.005813953488372093	0.023255813953488372	0.05813953488372093	0.10174418604651163	0.02616279069767442	0.0377906976744186	0.046511627906976744	0.06686046511627906	0.09011627906976744	0.09011627906976744	0.05232558139534884	0.03488372093023256	0.0029069767441860465	0.01744186046511628
sp|Q9D7P7|CLIC3_MOUSE	0.08016877637130802	0.02531645569620253	0.07172995780590717	0.05907172995780591	0.05485232067510549	0.03375527426160337	0.0379746835443038	0.029535864978902954	0.046413502109704644	0.14767932489451477	0.008438818565400843	0.016877637130801686	0.0759493670886076	0.05063291139240506	0.06329113924050633	0.05485232067510549	0.06329113924050633	0.05063291139240506	0.0	0.029535864978902954
sp|Q9EPL0|XYLT2_MOUSE	0.08554913294797688	0.016184971098265895	0.047398843930635835	0.056647398843930635	0.03815028901734104	0.07167630057803469	0.025433526011560695	0.025433526011560695	0.03815028901734104	0.11098265895953757	0.013872832369942197	0.028901734104046242	0.07283236994219654	0.046242774566473986	0.07630057803468208	0.06820809248554913	0.05086705202312139	0.07167630057803469	0.025433526011560695	0.03005780346820809
sp|Q9EQ32|BCAP_MOUSE	0.059186189889025895	0.01972872996300863	0.059186189889025895	0.09124537607891492	0.0345252774352651	0.055487053020961775	0.02096177558569667	0.03329223181257707	0.04438964241676942	0.08754623921085081	0.02219482120838471	0.032059186189889025	0.08508014796547472	0.04192355117139334	0.06411837237977805	0.08508014796547472	0.055487053020961775	0.0690505548705302	0.011097410604192354	0.02836004932182491
