#	A	C	D	E	F	G	H	I	K	L	M	N	P	Q	R	S	T	V	W	Y
sp|P19971|TYPH_HUMAN	0.13692946058091288	0.014522821576763486	0.04979253112033195	0.058091286307053944	0.016597510373443983	0.11825726141078838	0.012448132780082987	0.022821576763485476	0.022821576763485476	0.14522821576763487	0.022821576763485476	0.006224066390041493	0.07053941908713693	0.058091286307053944	0.06639004149377593	0.056016597510373446	0.035269709543568464	0.07676348547717843	0.008298755186721992	0.002074688796680498
sp|P49407|ARRB1_HUMAN	0.05502392344497608	0.01674641148325359	0.07416267942583732	0.08373205741626795	0.03827751196172249	0.05502392344497608	0.0215311004784689	0.03588516746411483	0.08373205741626795	0.10047846889952153	0.011961722488038277	0.045454545454545456	0.07177033492822966	0.023923444976076555	0.05741626794258373	0.04066985645933014	0.0645933014354067	0.08851674641148326	0.0	0.03110047846889952
sp|Q13492|PICAL_HUMAN	0.07975460122699386	0.004601226993865031	0.05214723926380368	0.03834355828220859	0.04141104294478527	0.0598159509202454	0.018404907975460124	0.04447852760736196	0.06134969325153374	0.0950920245398773	0.032208588957055216	0.05521472392638037	0.06288343558282208	0.04447852760736196	0.03067484662576687	0.09969325153374232	0.08588957055214724	0.06595092024539877	0.007668711656441718	0.019938650306748466
sp|P27487|DPP4_HUMAN	0.05221932114882506	0.015665796344647518	0.06005221932114883	0.05221932114882506	0.04046997389033943	0.05613577023498695	0.024804177545691905	0.0639686684073107	0.05221932114882506	0.08093994778067885	0.0195822454308094	0.05221932114882506	0.037859007832898174	0.0391644908616188	0.0391644908616188	0.0835509138381201	0.06527415143603134	0.0639686684073107	0.02741514360313316	0.0731070496083551
sp|Q14152|EIF3A_HUMAN	0.049204052098408106	0.005065123010130246	0.1020260492040521	0.12952243125904486	0.017366136034732273	0.03979739507959479	0.016642547033285094	0.03256150506512301	0.06222865412445731	0.085383502170767	0.020984081041968163	0.027496382054992764	0.049204052098408106	0.049204052098408106	0.16280752532561504	0.049204052098408106	0.028219971056439943	0.0361794500723589	0.019536903039073805	0.017366136034732273
sp|Q04637|IF4G1_HUMAN	0.08630393996247655	0.008130081300813009	0.043777360850531584	0.10444027517198248	0.02564102564102564	0.0675422138836773	0.011882426516572859	0.04002501563477173	0.0600375234521576	0.08692933083176986	0.020012507817385866	0.02626641651031895	0.10131332082551595	0.0525328330206379	0.06128830519074421	0.07692307692307693	0.05128205128205128	0.05065666041275797	0.0075046904315197	0.017510944340212633
sp|O15371|EIF3D_HUMAN	0.051094890510948905	0.020072992700729927	0.07481751824817519	0.08576642335766424	0.04562043795620438	0.04744525547445255	0.012773722627737226	0.043795620437956206	0.07116788321167883	0.06569343065693431	0.025547445255474453	0.051094890510948905	0.03832116788321168	0.058394160583941604	0.07664233576642336	0.06934306569343066	0.04927007299270073	0.05656934306569343	0.01824817518248175	0.03832116788321168
sp|P13639|EF2_HUMAN	0.07226107226107226	0.019813519813519812	0.06060606060606061	0.07226107226107226	0.04079254079254079	0.07692307692307693	0.018648018648018648	0.06293706293706294	0.07575757575757576	0.08508158508158509	0.03263403263403263	0.03146853146853147	0.053613053613053616	0.0337995337995338	0.05128205128205128	0.05128205128205128	0.047785547785547784	0.08041958041958042	0.008158508158508158	0.024475524475524476
sp|Q13825|AUHM_HUMAN	0.15339233038348082	0.014749262536873156	0.035398230088495575	0.06489675516224189	0.014749262536873156	0.10619469026548672	0.008849557522123894	0.06489675516224189	0.06784660766961652	0.11209439528023599	0.02359882005899705	0.02359882005899705	0.05309734513274336	0.02064896755162242	0.06784660766961652	0.05604719764011799	0.02359882005899705	0.06489675516224189	0.008849557522123894	0.014749262536873156
sp|P42566|EPS15_HUMAN	0.07254464285714286	0.012276785714285714	0.07700892857142858	0.09263392857142858	0.046875	0.04241071428571429	0.013392857142857142	0.036830357142857144	0.06696428571428571	0.09933035714285714	0.012276785714285714	0.04575892857142857	0.07142857142857142	0.05022321428571429	0.027901785714285716	0.10825892857142858	0.05133928571428571	0.0546875	0.0078125	0.010044642857142858
sp|P09467|F16P1_HUMAN	0.08875739644970414	0.020710059171597635	0.07100591715976332	0.05029585798816568	0.03254437869822485	0.07988165680473373	0.014792899408284023	0.05029585798816568	0.07988165680473373	0.08875739644970414	0.03254437869822485	0.038461538461538464	0.047337278106508875	0.020710059171597635	0.038461538461538464	0.05917159763313609	0.05029585798816568	0.09171597633136094	0.0	0.04437869822485207
sp|P21266|GSTM3_HUMAN	0.04888888888888889	0.035555555555555556	0.07555555555555556	0.07555555555555556	0.06666666666666667	0.04	0.013333333333333334	0.057777777777777775	0.08	0.11555555555555555	0.035555555555555556	0.044444444444444446	0.04	0.04888888888888889	0.04888888888888889	0.04888888888888889	0.035555555555555556	0.02666666666666667	0.017777777777777778	0.044444444444444446
sp|P41250|GARS_HUMAN	0.07983761840324763	0.017591339648173207	0.056833558863328824	0.07713125845737483	0.05142083897158322	0.05953991880920163	0.02029769959404601	0.04871447902571042	0.07036535859269283	0.09607577807848444	0.02706359945872801	0.03382949932341001	0.05277401894451962	0.04059539918809202	0.05953991880920163	0.058186738836265225	0.044654939106901215	0.07171853856562922	0.005412719891745603	0.028416779431664412
sp|P55084|ECHB_HUMAN	0.12025316455696203	0.010548523206751054	0.046413502109704644	0.04219409282700422	0.04430379746835443	0.07383966244725738	0.0189873417721519	0.035864978902953586	0.07383966244725738	0.10126582278481013	0.04008438818565401	0.03164556962025317	0.052742616033755275	0.029535864978902954	0.046413502109704644	0.07383966244725738	0.06118143459915612	0.06540084388185655	0.006329113924050633	0.02531645569620253
sp|Q9H8X2|IPPK_HUMAN	0.048879837067209775	0.034623217922606926	0.05091649694501019	0.06720977596741344	0.04276985743380855	0.05702647657841141	0.032586558044806514	0.034623217922606926	0.07942973523421588	0.1120162932790224	0.02240325865580448	0.032586558044806514	0.054989816700611	0.04684317718940937	0.05702647657841141	0.07128309572301425	0.038696537678207736	0.06924643584521385	0.006109979633401222	0.04073319755600815
sp|Q5BJF6|ODFP2_HUMAN	0.07478890229191798	0.016887816646562123	0.054282267792521106	0.12062726176115803	0.013268998793727383	0.030156815440289506	0.020506634499396863	0.032569360675512665	0.10012062726176116	0.11338962605548854	0.030156815440289506	0.033775633293124246	0.021712907117008445	0.07599517490952955	0.07599517490952955	0.07720144752714113	0.045838359469240045	0.04463208685162847	0.0036188178528347406	0.014475271411338963
sp|Q9H307|PININ_HUMAN	0.040446304044630406	0.002789400278940028	0.043235704323570434	0.1506276150627615	0.012552301255230125	0.04881450488145049	0.015341701534170154	0.02510460251046025	0.08368200836820083	0.0599721059972106	0.019525801952580194	0.02789400278940028	0.04602510460251046	0.07391910739191074	0.10739191073919108	0.14504881450488144	0.03905160390516039	0.05439330543933055	0.001394700139470014	0.002789400278940028
sp|P14618|KPYM_HUMAN	0.1016949152542373	0.018832391713747645	0.054613935969868174	0.0696798493408663	0.032015065913371	0.07721280602636535	0.022598870056497175	0.07344632768361582	0.0696798493408663	0.07156308851224105	0.030131826741996232	0.032015065913371	0.04519774011299435	0.02824858757062147	0.0583804143126177	0.05273069679849341	0.054613935969868174	0.0847457627118644	0.005649717514124294	0.01694915254237288
sp|P26639|SYTC_HUMAN	0.05394190871369295	0.022130013831258646	0.05255878284923928	0.09820193637621023	0.05255878284923928	0.07192254495159059	0.02627939142461964	0.06085753803596127	0.08437067773167359	0.08160442600276625	0.02351313969571231	0.04149377593360996	0.042876901798063624	0.040110650069156296	0.05532503457814661	0.051175656984785614	0.040110650069156296	0.04702627939142462	0.017980636237897647	0.035961272475795295
sp|P60174|TPIS_HUMAN	0.11888111888111888	0.017482517482517484	0.05244755244755245	0.07342657342657342	0.03496503496503497	0.0979020979020979	0.017482517482517484	0.055944055944055944	0.06993006993006994	0.06643356643356643	0.013986013986013986	0.027972027972027972	0.038461538461538464	0.045454545454545456	0.038461538461538464	0.05244755244755245	0.05244755244755245	0.08741258741258741	0.02097902097902098	0.017482517482517484
sp|P45880|VDAC2_HUMAN	0.07142857142857142	0.030612244897959183	0.05782312925170068	0.04081632653061224	0.05102040816326531	0.11564625850340136	0.013605442176870748	0.04421768707482993	0.0782312925170068	0.0782312925170068	0.01020408163265306	0.05102040816326531	0.023809523809523808	0.027210884353741496	0.023809523809523808	0.0782312925170068	0.1054421768707483	0.05102040816326531	0.013605442176870748	0.034013605442176874
sp|Q9D1M4|MCA3_MOUSE	0.06896551724137931	0.005747126436781609	0.040229885057471264	0.06321839080459771	0.022988505747126436	0.05172413793103448	0.05172413793103448	0.05172413793103448	0.06896551724137931	0.14367816091954022	0.017241379310344827	0.04597701149425287	0.022988505747126436	0.05747126436781609	0.04597701149425287	0.07471264367816093	0.05172413793103448	0.05747126436781609	0.011494252873563218	0.04597701149425287
sp|P17710|HXK1_MOUSE	0.0513347022587269	0.023613963039014373	0.0646817248459959	0.07084188911704312	0.039014373716632446	0.08829568788501027	0.021560574948665298	0.053388090349075976	0.0646817248459959	0.09548254620123203	0.037987679671457907	0.03285420944558522	0.03285420944558522	0.03182751540041068	0.06365503080082136	0.06570841889117043	0.060574948665297744	0.07597535934291581	0.00513347022587269	0.02053388090349076
sp|Q9EQQ9|OGA_MOUSE	0.07205240174672489	0.02074235807860262	0.05458515283842795	0.09716157205240175	0.04475982532751092	0.056768558951965066	0.013100436681222707	0.04694323144104803	0.06441048034934498	0.08406113537117904	0.034934497816593885	0.03056768558951965	0.060043668122270744	0.0425764192139738	0.039301310043668124	0.07532751091703056	0.04475982532751092	0.06768558951965066	0.014192139737991267	0.036026200873362446
sp|P48570|HOSC_YEAST	0.09813084112149532	0.018691588785046728	0.0794392523364486	0.0514018691588785	0.037383177570093455	0.05841121495327103	0.02570093457943925	0.08644859813084112	0.08411214953271028	0.07242990654205607	0.014018691588785047	0.05841121495327103	0.035046728971962614	0.018691588785046728	0.04439252336448598	0.056074766355140186	0.0514018691588785	0.0794392523364486	0.002336448598130841	0.028037383177570093
sp|P33421|SDH3_YEAST	0.09090909090909091	0.0	0.005050505050505051	0.030303030303030304	0.050505050505050504	0.0707070707070707	0.025252525252525252	0.06060606060606061	0.06565656565656566	0.16666666666666666	0.025252525252525252	0.03535353535353535	0.025252525252525252	0.025252525252525252	0.045454545454545456	0.09595959595959595	0.08080808080808081	0.03535353535353535	0.020202020202020204	0.045454545454545456
sp|Q24314|VPS18_DROME	0.07784431137724551	0.021956087824351298	0.05588822355289421	0.08982035928143713	0.038922155688622756	0.03592814371257485	0.02694610778443114	0.05888223552894212	0.05688622754491018	0.11477045908183632	0.021956087824351298	0.033932135728542916	0.043912175648702596	0.05189620758483034	0.059880239520958084	0.04590818363273453	0.059880239520958084	0.05588822355289421	0.010978043912175649	0.03792415169660679
sp|Q9V4S8|CSN7_DROME	0.07194244604316546	0.01079136690647482	0.050359712230215826	0.08273381294964029	0.03237410071942446	0.0539568345323741	0.017985611510791366	0.07194244604316546	0.08992805755395683	0.11870503597122302	0.017985611510791366	0.039568345323741004	0.04316546762589928	0.0539568345323741	0.03597122302158273	0.07913669064748201	0.046762589928057555	0.050359712230215826	0.0035971223021582736	0.02877697841726619
tr|Q9VMB4|Q9VMB4_DROME	0.06951871657754011	0.009625668449197862	0.058823529411764705	0.051336898395721926	0.026737967914438502	0.07058823529411765	0.0374331550802139	0.047058823529411764	0.038502673796791446	0.0962566844919786	0.011764705882352941	0.03636363636363636	0.06844919786096257	0.05454545454545454	0.04919786096256684	0.07700534759358289	0.047058823529411764	0.07807486631016043	0.0213903743315508	0.05026737967914439
tr|Q9VD72|Q9VD72_DROME	0.08267716535433071	0.015748031496062992	0.051181102362204724	0.07480314960629922	0.03937007874015748	0.09055118110236221	0.015748031496062992	0.047244094488188976	0.08267716535433071	0.09448818897637795	0.03543307086614173	0.031496062992125984	0.01968503937007874	0.08267716535433071	0.047244094488188976	0.04330708661417323	0.047244094488188976	0.05905511811023622	0.015748031496062992	0.023622047244094488
sp|O13289|CATA_CANAL	0.09484536082474226	0.004123711340206186	0.0577319587628866	0.061855670103092786	0.06804123711340206	0.05979381443298969	0.03917525773195876	0.03505154639175258	0.05979381443298969	0.061855670103092786	0.016494845360824743	0.05567010309278351	0.061855670103092786	0.04536082474226804	0.04329896907216495	0.05154639175257732	0.06804123711340206	0.05979381443298969	0.016494845360824743	0.03917525773195876
sp|P41911|GPD2_YEAST	0.07272727272727272	0.015909090909090907	0.04772727272727273	0.06818181818181818	0.03636363636363636	0.0659090909090909	0.04772727272727273	0.07045454545454545	0.05909090909090909	0.1	0.01818181818181818	0.04318181818181818	0.038636363636363635	0.04090909090909091	0.04772727272727273	0.05227272727272727	0.056818181818181816	0.07727272727272727	0.011363636363636364	0.029545454545454545
sp|O74713|HGT1_CANAX	0.08990825688073395	0.014678899082568808	0.025688073394495414	0.05137614678899083	0.07339449541284404	0.08990825688073395	0.009174311926605505	0.10275229357798166	0.03669724770642202	0.06422018348623854	0.04036697247706422	0.03853211009174312	0.03669724770642202	0.04220183486238532	0.04220183486238532	0.08623853211009175	0.03853211009174312	0.05321100917431193	0.025688073394495414	0.03853211009174312
sp|Q42525|HXK1_ARATH	0.08870967741935484	0.012096774193548387	0.05040322580645161	0.07258064516129033	0.04032258064516129	0.09274193548387097	0.02217741935483871	0.056451612903225805	0.05846774193548387	0.10685483870967742	0.034274193548387094	0.02620967741935484	0.03225806451612903	0.020161290322580645	0.046370967741935484	0.07661290322580645	0.05443548387096774	0.08266129032258064	0.008064516129032258	0.018145161290322582
sp|O04019|PS6AB_ARATH	0.08274231678486997	0.009456264775413711	0.0851063829787234	0.08747044917257683	0.030732860520094562	0.061465721040189124	0.009456264775413711	0.06619385342789598	0.07328605200945626	0.10638297872340426	0.028368794326241134	0.0425531914893617	0.04018912529550828	0.0425531914893617	0.05673758865248227	0.04728132387706856	0.05200945626477541	0.061465721040189124	0.0	0.016548463356973995
sp|P11574|VATB1_ARATH	0.06584362139917696	0.00411522633744856	0.06378600823045268	0.07613168724279835	0.03497942386831276	0.08024691358024691	0.01440329218106996	0.0823045267489712	0.0411522633744856	0.09259259259259259	0.030864197530864196	0.03909465020576132	0.04938271604938271	0.037037037037037035	0.06172839506172839	0.05761316872427984	0.06790123456790123	0.059670781893004114	0.00205761316872428	0.03909465020576132
sp|P45850|OXO1_HORVU	0.06467661691542288	0.009950248756218905	0.05472636815920398	0.04477611940298507	0.05472636815920398	0.10945273631840796	0.01990049751243781	0.029850746268656716	0.04975124378109453	0.08955223880597014	0.029850746268656716	0.04975124378109453	0.07960199004975124	0.014925373134328358	0.029850746268656716	0.07960199004975124	0.06965174129353234	0.1044776119402985	0.004975124378109453	0.009950248756218905
sp|Q12629|PDC1_KLULA	0.0852575488454707	0.008880994671403197	0.047957371225577264	0.06571936056838366	0.04085257548845471	0.07282415630550622	0.021314387211367674	0.0586145648312611	0.05150976909413854	0.0994671403197158	0.017761989342806393	0.0497335701598579	0.047957371225577264	0.037300177619893425	0.03197158081705151	0.06216696269982238	0.08170515097690942	0.0763765541740675	0.012433392539964476	0.03019538188277087
tr|Q383B2|Q383B2_TRYB2	0.1227154046997389	0.018276762402088774	0.06005221932114883	0.04960835509138381	0.031331592689295036	0.06005221932114883	0.010443864229765013	0.06527415143603134	0.06788511749347259	0.06266318537859007	0.028720626631853787	0.0391644908616188	0.06266318537859007	0.02610966057441253	0.04960835509138381	0.06266318537859007	0.06527415143603134	0.09399477806788512	0.007832898172323759	0.015665796344647518
tr|D5GCF2|D5GCF2_TUBMM	0.08478802992518704	0.0	0.06733167082294264	0.07231920199501247	0.03740648379052369	0.06982543640897755	0.022443890274314215	0.04488778054862843	0.04987531172069826	0.06483790523690773	0.007481296758104738	0.022443890274314215	0.10473815461346633	0.03740648379052369	0.05236907730673317	0.09476309226932668	0.09725685785536159	0.032418952618453865	0.00997506234413965	0.02743142144638404
tr|D5G7U8|D5G7U8_TUBMM	0.06227106227106227	0.014652014652014652	0.0695970695970696	0.06593406593406594	0.02564102564102564	0.0695970695970696	0.029304029304029304	0.05128205128205128	0.06227106227106227	0.12087912087912088	0.014652014652014652	0.05860805860805861	0.040293040293040296	0.04395604395604396	0.05128205128205128	0.047619047619047616	0.05128205128205128	0.047619047619047616	0.02197802197802198	0.05128205128205128
sp|P17506|EF1A1_XENLA	0.08207343412526998	0.01079913606911447	0.04535637149028078	0.04319654427645788	0.04967602591792657	0.08423326133909287	0.02591792656587473	0.0734341252699784	0.09287257019438445	0.07127429805615551	0.019438444924406047	0.03455723542116631	0.06263498920086392	0.03455723542116631	0.04319654427645788	0.056155507559395246	0.06047516198704104	0.08207343412526998	0.01079913606911447	0.017278617710583154
tr|Q95U89|Q95U89_LEIIN	0.084070796460177	0.017699115044247787	0.06637168141592921	0.05309734513274336	0.061946902654867256	0.07079646017699115	0.017699115044247787	0.061946902654867256	0.05752212389380531	0.084070796460177	0.030973451327433628	0.04424778761061947	0.048672566371681415	0.030973451327433628	0.05752212389380531	0.048672566371681415	0.05309734513274336	0.06637168141592921	0.008849557522123894	0.035398230088495575
sp|P05979|PGH1_SHEEP	0.043333333333333335	0.021666666666666667	0.043333333333333335	0.058333333333333334	0.065	0.07	0.03	0.04666666666666667	0.04	0.115	0.02666666666666667	0.03166666666666667	0.08166666666666667	0.04666666666666667	0.06	0.056666666666666664	0.051666666666666666	0.051666666666666666	0.015	0.045
sp|Q9UTI7|TYSY_SCHPO	0.0752	0.0144	0.072	0.0592	0.0336	0.056	0.0256	0.0592	0.0496	0.1008	0.0304	0.0528	0.0576	0.0368	0.0448	0.0704	0.0592	0.056	0.016	0.0304
sp|Q43155|GLTB_SPIOL	0.07910349373764008	0.015820698747528016	0.05075807514831905	0.06460118655240607	0.032300593276203035	0.09492419248516809	0.017139090309822018	0.06394199077125906	0.051417270929466054	0.08965062623599208	0.02900461437046803	0.04482531311799604	0.04812129202373105	0.037574159525379035	0.05075807514831905	0.06921555702043507	0.047462096242584045	0.07514831905075807	0.01054713249835201	0.027686222808174028
tr|Q9GLW8|Q9GLW8_PIG	0.07407407407407407	0.018518518518518517	0.05555555555555555	0.06790123456790123	0.05555555555555555	0.09876543209876543	0.012345679012345678	0.043209876543209874	0.08024691358024691	0.1111111111111111	0.018518518518518517	0.037037037037037035	0.05555555555555555	0.018518518518518517	0.030864197530864196	0.05555555555555555	0.04938271604938271	0.1111111111111111	0.006172839506172839	0.0
tr|Q8XDH4|Q8XDH4_ECO57	0.08426966292134831	0.019662921348314606	0.07303370786516854	0.056179775280898875	0.025280898876404494	0.10955056179775281	0.025280898876404494	0.047752808988764044	0.03932584269662921	0.11235955056179775	0.019662921348314606	0.03651685393258427	0.0449438202247191	0.042134831460674156	0.033707865168539325	0.05056179775280899	0.07303370786516854	0.0702247191011236	0.011235955056179775	0.025280898876404494
sp|P0A9Q7|ADHE_ECOLI	0.13580246913580246	0.010101010101010102	0.05611672278338945	0.06060606060606061	0.03479236812570146	0.06958473625140292	0.02244668911335578	0.06734006734006734	0.07295173961840629	0.08080808080808081	0.02356902356902357	0.038159371492704826	0.04601571268237935	0.026936026936026935	0.03591470258136925	0.05611672278338945	0.05499438832772166	0.0707070707070707	0.005611672278338945	0.031425364758698095
sp|P31658|HCHA_ECOLI	0.11307420494699646	0.007067137809187279	0.06713780918727916	0.053003533568904596	0.053003533568904596	0.07420494699646643	0.038869257950530034	0.04946996466431095	0.0636042402826855	0.09540636042402827	0.028268551236749116	0.04240282685512368	0.06713780918727916	0.028268551236749116	0.024734982332155476	0.053003533568904596	0.04240282685512368	0.045936395759717315	0.01060070671378092	0.04240282685512368
sp|P39633|DHE2_BACSU	0.08254716981132075	0.009433962264150943	0.049528301886792456	0.06839622641509434	0.0330188679245283	0.09198113207547169	0.01179245283018868	0.07547169811320754	0.06367924528301887	0.07311320754716981	0.03537735849056604	0.04481132075471698	0.04009433962264151	0.03537735849056604	0.04716981132075472	0.06132075471698113	0.0589622641509434	0.07311320754716981	0.01179245283018868	0.0330188679245283
tr|Q6HEJ4|Q6HEJ4_BACHK	0.13986013986013987	0.002331002331002331	0.06060606060606061	0.09090909090909091	0.02564102564102564	0.06993006993006994	0.023310023310023312	0.06526806526806526	0.08857808857808858	0.0675990675990676	0.018648018648018648	0.039627039627039624	0.05827505827505827	0.018648018648018648	0.03263403263403263	0.03263403263403263	0.046620046620046623	0.0979020979020979	0.004662004662004662	0.016317016317016316
tr|A0A0E2ZJV3|A0A0E2ZJV3_FRATU	0.11581920903954802	0.014124293785310734	0.05367231638418079	0.07627118644067797	0.025423728813559324	0.0847457627118644	0.031073446327683617	0.062146892655367235	0.0480225988700565	0.07062146892655367	0.03672316384180791	0.02824858757062147	0.04519774011299435	0.02824858757062147	0.04519774011299435	0.07344632768361582	0.04519774011299435	0.07909604519774012	0.002824858757062147	0.03389830508474576
sp|P9WK17|MASZ_MYCTU	0.11740890688259109	0.005398110661268556	0.08367071524966262	0.048582995951417005	0.0310391363022942	0.08097165991902834	0.018893387314439947	0.0553306342780027	0.03508771929824561	0.08771929824561403	0.02564102564102564	0.03913630229419703	0.048582995951417005	0.03508771929824561	0.0620782726045884	0.04588394062078273	0.06477732793522267	0.0796221322537112	0.01349527665317139	0.021592442645074223
sp|P53647|SODM_MYCPA	0.14009661835748793	0.0	0.07246376811594203	0.043478260869565216	0.04830917874396135	0.07729468599033816	0.04830917874396135	0.043478260869565216	0.057971014492753624	0.0966183574879227	0.00966183574879227	0.057971014492753624	0.028985507246376812	0.04830917874396135	0.01932367149758454	0.03864734299516908	0.033816425120772944	0.057971014492753624	0.033816425120772944	0.043478260869565216
tr|C4XEI3|C4XEI3_MYCFP	0.11956521739130435	0.004347826086956522	0.058695652173913045	0.06956521739130435	0.02391304347826087	0.08478260869565217	0.021739130434782608	0.06739130434782609	0.09130434782608696	0.08260869565217391	0.0391304347826087	0.041304347826086954	0.02608695652173913	0.02826086956521739	0.03260869565217391	0.04565217391304348	0.06304347826086956	0.058695652173913045	0.006521739130434782	0.034782608695652174
tr|Q4A9M4|Q4A9M4_MYCHJ	0.10021786492374728	0.002178649237472767	0.054466230936819175	0.05664488017429194	0.04793028322440087	0.05228758169934641	0.006535947712418301	0.0915032679738562	0.07625272331154684	0.08278867102396514	0.032679738562091505	0.0784313725490196	0.034858387799564274	0.02832244008714597	0.0457516339869281	0.06971677559912855	0.0457516339869281	0.0457516339869281	0.006535947712418301	0.04139433551198257
tr|Q1J8I3|Q1J8I3_STRPF	0.09855072463768116	0.005797101449275362	0.06666666666666667	0.05507246376811594	0.03768115942028986	0.09565217391304348	0.020289855072463767	0.06666666666666667	0.06086956521739131	0.06666666666666667	0.028985507246376812	0.05507246376811594	0.028985507246376812	0.02318840579710145	0.04057971014492753	0.0463768115942029	0.07536231884057971	0.10144927536231885	0.005797101449275362	0.020289855072463767
tr|E6J203|E6J203_STRAP	0.15079365079365079	0.015873015873015872	0.05952380952380952	0.07936507936507936	0.03968253968253968	0.07936507936507936	0.011904761904761904	0.03968253968253968	0.07142857142857142	0.07539682539682539	0.01984126984126984	0.03968253968253968	0.03571428571428571	0.027777777777777776	0.023809523809523808	0.06349206349206349	0.03571428571428571	0.09523809523809523	0.007936507936507936	0.027777777777777776
tr|Q8DNW9|Q8DNW9_STRR6	0.10634920634920635	0.0015873015873015873	0.0746031746031746	0.09523809523809523	0.05714285714285714	0.04285714285714286	0.015873015873015872	0.044444444444444446	0.07142857142857142	0.09047619047619047	0.014285714285714285	0.03650793650793651	0.047619047619047616	0.03333333333333333	0.03650793650793651	0.05714285714285714	0.04126984126984127	0.06349206349206349	0.025396825396825397	0.044444444444444446
sp|P0A4S2|ALF_STRR6	0.13310580204778158	0.006825938566552901	0.051194539249146756	0.09556313993174062	0.034129692832764506	0.10238907849829351	0.027303754266211604	0.07849829351535836	0.07167235494880546	0.07167235494880546	0.020477815699658702	0.04436860068259386	0.034129692832764506	0.027303754266211604	0.023890784982935155	0.030716723549488054	0.034129692832764506	0.07849829351535836	0.006825938566552901	0.027303754266211604
sp|A8AWA0|EFTU_STRGC	0.06030150753768844	0.0	0.0728643216080402	0.09798994974874371	0.02512562814070352	0.08793969849246232	0.03015075376884422	0.08542713567839195	0.05025125628140704	0.0678391959798995	0.03015075376884422	0.03015075376884422	0.05025125628140704	0.02763819095477387	0.05527638190954774	0.03768844221105527	0.0728643216080402	0.09045226130653267	0.0	0.02763819095477387
tr|Q8E4T9|Q8E4T9_STRA3	0.09913043478260869	0.0	0.0817391304347826	0.06086956521739131	0.030434782608695653	0.06	0.014782608695652174	0.03826086956521739	0.09739130434782609	0.06695652173913043	0.01652173913043478	0.04521739130434783	0.05391304347826087	0.04173913043478261	0.03130434782608696	0.06869565217391305	0.09130434782608696	0.05652173913043478	0.00608695652173913	0.0391304347826087
sp|Q2YVT4|SLE1_STAAB	0.09253731343283582	0.0029850746268656717	0.020895522388059702	0.011940298507462687	0.023880597014925373	0.08955223880597014	0.014925373134328358	0.0626865671641791	0.04477611940298507	0.05373134328358209	0.014925373134328358	0.1044776119402985	0.029850746268656716	0.03880597014925373	0.029850746268656716	0.13134328358208955	0.08955223880597014	0.05970149253731343	0.014925373134328358	0.06865671641791045
sp|P54066|RL7A_METJA	0.1452991452991453	0.008547008547008548	0.03418803418803419	0.1282051282051282	0.008547008547008548	0.05128205128205128	0.008547008547008548	0.07692307692307693	0.13675213675213677	0.08547008547008547	0.008547008547008548	0.02564102564102564	0.03418803418803419	0.03418803418803419	0.008547008547008548	0.02564102564102564	0.008547008547008548	0.13675213675213677	0.0	0.03418803418803419
sp|B1YAL1|FBPAP_PYRNV	0.10275689223057644	0.0	0.06766917293233082	0.07017543859649122	0.05012531328320802	0.08771929824561403	0.03508771929824561	0.05764411027568922	0.06766917293233082	0.08020050125313283	0.03007518796992481	0.012531328320802004	0.07017543859649122	0.02756892230576441	0.05513784461152882	0.03007518796992481	0.03508771929824561	0.07518796992481203	0.005012531328320802	0.040100250626566414
