#	A	C	D	E	F	G	H	I	K	L	M	N	P	Q	R	S	T	V	W	Y
sp|P30041|PRDX6_HUMAN	0.07142857142857142	0.008928571428571428	0.07142857142857142	0.07142857142857142	0.05357142857142857	0.0625	0.013392857142857142	0.05357142857142857	0.08035714285714286	0.11160714285714286	0.017857142857142856	0.03125	0.08482142857142858	0.008928571428571428	0.05357142857142857	0.04017857142857143	0.0625	0.07142857142857142	0.013392857142857142	0.017857142857142856
sp|P06733|ENOA_HUMAN	0.09907834101382489	0.013824884792626729	0.059907834101382486	0.06682027649769585	0.03917050691244239	0.08755760368663594	0.013824884792626729	0.06221198156682028	0.08755760368663594	0.08294930875576037	0.020737327188940093	0.055299539170506916	0.03686635944700461	0.02534562211981567	0.03917050691244239	0.059907834101382486	0.041474654377880185	0.07603686635944701	0.0069124423963133645	0.02534562211981567
sp|P13716|HEM2_HUMAN	0.12121212121212122	0.024242424242424242	0.05454545454545454	0.06060606060606061	0.03636363636363636	0.0696969696969697	0.02727272727272727	0.03636363636363636	0.03636363636363636	0.10606060606060606	0.03333333333333333	0.015151515151515152	0.06666666666666667	0.030303030303030304	0.0696969696969697	0.05757575757575758	0.03333333333333333	0.07575757575757576	0.00909090909090909	0.03636363636363636
sp|P09960|LKHA4_HUMAN	0.062193126022913256	0.01800327332242226	0.05564648117839607	0.06710310965630115	0.044189852700491	0.049099836333878884	0.02618657937806874	0.05073649754500818	0.06546644844517185	0.11292962356792144	0.01800327332242226	0.03436988543371522	0.057283142389525366	0.0425531914893617	0.03764320785597381	0.07364975450081833	0.06546644844517185	0.062193126022913256	0.02127659574468085	0.03600654664484452
sp|O60568|PLOD3_HUMAN	0.04742547425474255	0.013550135501355014	0.06639566395663957	0.06639566395663957	0.05013550135501355	0.07723577235772358	0.03116531165311653	0.03116531165311653	0.03387533875338753	0.11382113821138211	0.02032520325203252	0.03523035230352303	0.06775067750677506	0.03929539295392954	0.07317073170731707	0.052845528455284556	0.04607046070460705	0.06775067750677506	0.023035230352303523	0.04336043360433604
sp|P00558|PGK1_HUMAN	0.09832134292565947	0.016786570743405275	0.05515587529976019	0.06474820143884892	0.03836930455635491	0.09592326139088729	0.011990407673860911	0.045563549160671464	0.10071942446043165	0.09112709832134293	0.03357314148681055	0.05515587529976019	0.0407673860911271	0.014388489208633094	0.026378896882494004	0.05755395683453238	0.0407673860911271	0.09352517985611511	0.009592326139088728	0.009592326139088728
sp|P19971|TYPH_HUMAN	0.13692946058091288	0.014522821576763486	0.04979253112033195	0.058091286307053944	0.016597510373443983	0.11825726141078838	0.012448132780082987	0.022821576763485476	0.022821576763485476	0.14522821576763487	0.022821576763485476	0.006224066390041493	0.07053941908713693	0.058091286307053944	0.06639004149377593	0.056016597510373446	0.035269709543568464	0.07676348547717843	0.008298755186721992	0.002074688796680498
sp|P47992|XCL1_HUMAN	0.05263157894736842	0.02631578947368421	0.03508771929824561	0.02631578947368421	0.008771929824561403	0.06140350877192982	0.0	0.07017543859649122	0.05263157894736842	0.09649122807017543	0.02631578947368421	0.03508771929824561	0.02631578947368421	0.043859649122807015	0.08771929824561403	0.07894736842105263	0.14912280701754385	0.09649122807017543	0.008771929824561403	0.017543859649122806
sp|P15336|ATF2_HUMAN	0.08118811881188119	0.009900990099009901	0.04356435643564356	0.05742574257425743	0.019801980198019802	0.033663366336633666	0.031683168316831684	0.031683168316831684	0.05742574257425743	0.07524752475247524	0.019801980198019802	0.033663366336633666	0.100990099009901	0.06732673267326733	0.04554455445544554	0.12475247524752475	0.08118811881188119	0.07722772277227723	0.0039603960396039604	0.0039603960396039604
sp|P32856|STX2_HUMAN	0.059027777777777776	0.003472222222222222	0.06944444444444445	0.1111111111111111	0.03125	0.03125	0.024305555555555556	0.10069444444444445	0.09027777777777778	0.0625	0.03819444444444445	0.04513888888888889	0.013888888888888888	0.041666666666666664	0.07291666666666667	0.06597222222222222	0.059027777777777776	0.0625	0.003472222222222222	0.013888888888888888
sp|P27797|CALR_HUMAN	0.03836930455635491	0.007194244604316547	0.13189448441247004	0.12949640287769784	0.04316546762589928	0.06474820143884892	0.016786570743405275	0.045563549160671464	0.10071942446043165	0.06235011990407674	0.011990407673860911	0.03836930455635491	0.06474820143884892	0.03597122302158273	0.019184652278177457	0.047961630695443645	0.03597122302158273	0.045563549160671464	0.026378896882494004	0.03357314148681055
sp|P28482|MK01_HUMAN	0.06944444444444445	0.019444444444444445	0.06666666666666667	0.058333333333333334	0.03611111111111111	0.04722222222222222	0.03611111111111111	0.07777777777777778	0.06388888888888888	0.11944444444444445	0.025	0.05277777777777778	0.05555555555555555	0.03333333333333333	0.05277777777777778	0.044444444444444446	0.03888888888888889	0.041666666666666664	0.008333333333333333	0.05277777777777778
sp|P40429|RL13A_HUMAN	0.07881773399014778	0.0049261083743842365	0.024630541871921183	0.04433497536945813	0.029556650246305417	0.06403940886699508	0.029556650246305417	0.034482758620689655	0.13793103448275862	0.11330049261083744	0.024630541871921183	0.029556650246305417	0.04433497536945813	0.029556650246305417	0.10837438423645321	0.014778325123152709	0.03940886699507389	0.09852216748768473	0.009852216748768473	0.03940886699507389
sp|P07814|SYEP_HUMAN	0.07275132275132275	0.018518518518518517	0.05092592592592592	0.0873015873015873	0.03306878306878307	0.057539682539682536	0.0205026455026455	0.052248677248677246	0.09788359788359788	0.0787037037037037	0.01917989417989418	0.041666666666666664	0.05357142857142857	0.04298941798941799	0.03902116402116402	0.05886243386243386	0.05489417989417989	0.07076719576719577	0.017857142857142856	0.031746031746031744
sp|P62277|RS13_HUMAN	0.07947019867549669	0.0	0.046357615894039736	0.033112582781456956	0.013245033112582781	0.052980132450331126	0.033112582781456956	0.059602649006622516	0.11920529801324503	0.12582781456953643	0.013245033112582781	0.019867549668874173	0.052980132450331126	0.026490066225165563	0.09271523178807947	0.0728476821192053	0.039735099337748346	0.06622516556291391	0.013245033112582781	0.039735099337748346
sp|P62913|RL11_HUMAN	0.056179775280898875	0.02247191011235955	0.0449438202247191	0.07865168539325842	0.0449438202247191	0.10674157303370786	0.016853932584269662	0.08426966292134831	0.0898876404494382	0.07303370786516854	0.016853932584269662	0.033707865168539325	0.028089887640449437	0.03932584269662921	0.09550561797752809	0.03932584269662921	0.03932584269662921	0.05056179775280899	0.0056179775280898875	0.033707865168539325
sp|P46777|RL5_HUMAN	0.09427609427609428	0.013468013468013467	0.050505050505050504	0.06734006734006734	0.03367003367003367	0.06397306397306397	0.016835016835016835	0.04377104377104377	0.11784511784511785	0.050505050505050504	0.037037037037037035	0.04377104377104377	0.030303030303030304	0.037037037037037035	0.08080808080808081	0.03367003367003367	0.04040404040404041	0.0707070707070707	0.003367003367003367	0.0707070707070707
sp|P62081|RS7_HUMAN	0.05154639175257732	0.0	0.03608247422680412	0.08247422680412371	0.05670103092783505	0.05154639175257732	0.020618556701030927	0.07216494845360824	0.12371134020618557	0.09278350515463918	0.010309278350515464	0.03608247422680412	0.04639175257731959	0.05154639175257732	0.07216494845360824	0.06701030927835051	0.03608247422680412	0.08762886597938144	0.0	0.005154639175257732
sp|P61254|RL26_HUMAN	0.020689655172413793	0.0	0.034482758620689655	0.06896551724137931	0.020689655172413793	0.04827586206896552	0.034482758620689655	0.06896551724137931	0.16551724137931034	0.034482758620689655	0.027586206896551724	0.034482758620689655	0.034482758620689655	0.05517241379310345	0.1103448275862069	0.06206896551724138	0.034482758620689655	0.10344827586206896	0.0	0.041379310344827586
sp|P19338|NUCL_HUMAN	0.10140845070422536	0.0014084507042253522	0.1028169014084507	0.14507042253521127	0.036619718309859155	0.10985915492957747	0.0014084507042253522	0.023943661971830985	0.1267605633802817	0.03943661971830986	0.011267605633802818	0.029577464788732393	0.04366197183098591	0.01971830985915493	0.036619718309859155	0.05070422535211268	0.05352112676056338	0.05211267605633803	0.0028169014084507044	0.011267605633802818
sp|P62829|RL23_HUMAN	0.10714285714285714	0.014285714285714285	0.03571428571428571	0.02857142857142857	0.02142857142857143	0.12857142857142856	0.007142857142857143	0.07142857142857142	0.10714285714285714	0.05714285714285714	0.02857142857142857	0.05714285714285714	0.04285714285714286	0.007142857142857143	0.07857142857142857	0.06428571428571428	0.02142857142857143	0.09285714285714286	0.007142857142857143	0.02142857142857143
sp|Q9H211|CDT1_HUMAN	0.12637362637362637	0.018315018315018316	0.03663003663003663	0.07326007326007326	0.02197802197802198	0.038461538461538464	0.020146520146520148	0.02564102564102564	0.04212454212454213	0.10073260073260074	0.023809523809523808	0.007326007326007326	0.10805860805860806	0.06043956043956044	0.10805860805860806	0.07326007326007326	0.05128205128205128	0.047619047619047616	0.003663003663003663	0.01282051282051282
sp|P00374|DYR_HUMAN	0.026737967914438502	0.0053475935828877	0.0481283422459893	0.0855614973262032	0.0481283422459893	0.06951871657754011	0.016042780748663103	0.0481283422459893	0.09090909090909091	0.10160427807486631	0.0374331550802139	0.053475935828877004	0.06417112299465241	0.0374331550802139	0.0427807486631016	0.06417112299465241	0.0374331550802139	0.0748663101604278	0.016042780748663103	0.03208556149732621
sp|P34896|GLYC_HUMAN	0.09109730848861283	0.020703933747412008	0.047619047619047616	0.062111801242236024	0.035196687370600416	0.08488612836438923	0.033126293995859216	0.045548654244306416	0.062111801242236024	0.10559006211180125	0.020703933747412008	0.041407867494824016	0.045548654244306416	0.035196687370600416	0.049689440993788817	0.062111801242236024	0.051759834368530024	0.062111801242236024	0.004140786749482402	0.039337474120082816
sp|Q9NQX3|GEPH_HUMAN	0.06793478260869565	0.016304347826086956	0.06521739130434782	0.06793478260869565	0.019021739130434784	0.07472826086956522	0.02309782608695652	0.07065217391304347	0.04619565217391304	0.09375	0.029891304347826088	0.028532608695652172	0.07744565217391304	0.033967391304347824	0.05434782608695652	0.06929347826086957	0.06793478260869565	0.07880434782608696	0.004076086956521739	0.010869565217391304
sp|P21399|ACOC_HUMAN	0.07424071991001124	0.010123734533183352	0.05736782902137233	0.05174353205849269	0.049493813273340834	0.0798650168728909	0.019122609673790775	0.06074240719910011	0.05511811023622047	0.08998875140607424	0.023622047244094488	0.049493813273340834	0.06299212598425197	0.04274465691788527	0.04611923509561305	0.05061867266591676	0.049493813273340834	0.0843644544431946	0.007874015748031496	0.03487064116985377
sp|Q9P2J5|SYLC_HUMAN	0.05782312925170068	0.017857142857142856	0.05782312925170068	0.07908163265306123	0.04421768707482993	0.06037414965986394	0.021258503401360544	0.05272108843537415	0.09438775510204081	0.09523809523809523	0.034013605442176874	0.036564625850340135	0.05102040816326531	0.03741496598639456	0.04081632653061224	0.05357142857142857	0.04931972789115646	0.06292517006802721	0.017857142857142856	0.03571428571428571
sp|P47897|SYQ_HUMAN	0.08387096774193549	0.02064516129032258	0.05290322580645161	0.07612903225806451	0.04645161290322581	0.05806451612903226	0.03354838709677419	0.03612903225806452	0.05935483870967742	0.10580645161290322	0.02064516129032258	0.03096774193548387	0.05548387096774193	0.03483870967741935	0.06451612903225806	0.04258064516129032	0.05935483870967742	0.07354838709677419	0.012903225806451613	0.03225806451612903
sp|P23381|SYWC_HUMAN	0.07430997876857749	0.012738853503184714	0.08280254777070063	0.050955414012738856	0.07006369426751592	0.055201698513800426	0.02335456475583864	0.06794055201698514	0.07430997876857749	0.07006369426751592	0.027600849256900213	0.036093418259023353	0.05307855626326964	0.044585987261146494	0.04246284501061571	0.07218683651804671	0.055201698513800426	0.04883227176220807	0.006369426751592357	0.03184713375796178
sp|Q8N3Y7|RDHE2_HUMAN	0.08414239482200647	0.02912621359223301	0.038834951456310676	0.05501618122977346	0.07119741100323625	0.08090614886731391	0.016181229773462782	0.05825242718446602	0.09385113268608414	0.1262135922330097	0.03559870550161812	0.02912621359223301	0.032362459546925564	0.025889967637540454	0.019417475728155338	0.05825242718446602	0.042071197411003236	0.06796116504854369	0.006472491909385114	0.02912621359223301
sp|P02730|B3AT_HUMAN	0.06915477497255763	0.005488474204171241	0.04500548847420417	0.07135016465422613	0.06037321624588365	0.06805708013172337	0.019758507135016465	0.05378704720087816	0.031833150384193196	0.14928649835345773	0.026344676180021953	0.01646542261251372	0.06147091108671789	0.04500548847420417	0.04939626783754116	0.06366630076838639	0.04720087815587267	0.07903402854006586	0.012074643249176729	0.025246981339187707
sp|Q9Y3E5|PTH2_HUMAN	0.0893854748603352	0.027932960893854747	0.03910614525139665	0.0446927374301676	0.00558659217877095	0.09497206703910614	0.027932960893854747	0.0446927374301676	0.08379888268156424	0.11731843575418995	0.0446927374301676	0.0111731843575419	0.05027932960893855	0.0446927374301676	0.027932960893854747	0.07262569832402235	0.055865921787709494	0.0782122905027933	0.0111731843575419	0.027932960893854747
sp|P13569|CFTR_HUMAN	0.056081081081081084	0.012162162162162163	0.03918918918918919	0.06283783783783783	0.057432432432432436	0.05675675675675676	0.016891891891891893	0.0804054054054054	0.062162162162162166	0.12364864864864865	0.025	0.03648648648648649	0.030405405405405407	0.04527027027027027	0.052702702702702706	0.0831081081081081	0.056081081081081084	0.060810810810810814	0.015540540540540541	0.02702702702702703
sp|P08183|MDR1_HUMAN	0.09140625	0.00546875	0.04375	0.05859375	0.0546875	0.07734375	0.01484375	0.08125	0.06640625	0.09296875	0.025	0.04140625	0.02265625	0.04140625	0.04921875	0.06875	0.05390625	0.075	0.00859375	0.02734375
sp|P62263|RS14_HUMAN	0.09933774834437085	0.019867549668874173	0.046357615894039736	0.059602649006622516	0.026490066225165563	0.11258278145695365	0.019867549668874173	0.052980132450331126	0.07947019867549669	0.059602649006622516	0.026490066225165563	0.019867549668874173	0.046357615894039736	0.033112582781456956	0.09933774834437085	0.059602649006622516	0.06622516556291391	0.06622516556291391	0.0	0.006622516556291391
sp|Q7L0Y3|TM10C_HUMAN	0.05459057071960298	0.01240694789081886	0.04218362282878412	0.08436724565756824	0.04714640198511166	0.02729528535980149	0.019851116625310174	0.04466501240694789	0.11166253101736973	0.11166253101736973	0.03722084367245657	0.052109181141439205	0.03722084367245657	0.04218362282878412	0.05459057071960298	0.05955334987593052	0.06451612903225806	0.04714640198511166	0.019851116625310174	0.02977667493796526
sp|P49407|ARRB1_HUMAN	0.05502392344497608	0.01674641148325359	0.07416267942583732	0.08373205741626795	0.03827751196172249	0.05502392344497608	0.0215311004784689	0.03588516746411483	0.08373205741626795	0.10047846889952153	0.011961722488038277	0.045454545454545456	0.07177033492822966	0.023923444976076555	0.05741626794258373	0.04066985645933014	0.0645933014354067	0.08851674641148326	0.0	0.03110047846889952
sp|Q13492|PICAL_HUMAN	0.07975460122699386	0.004601226993865031	0.05214723926380368	0.03834355828220859	0.04141104294478527	0.0598159509202454	0.018404907975460124	0.04447852760736196	0.06134969325153374	0.0950920245398773	0.032208588957055216	0.05521472392638037	0.06288343558282208	0.04447852760736196	0.03067484662576687	0.09969325153374232	0.08588957055214724	0.06595092024539877	0.007668711656441718	0.019938650306748466
sp|P27487|DPP4_HUMAN	0.05221932114882506	0.015665796344647518	0.06005221932114883	0.05221932114882506	0.04046997389033943	0.05613577023498695	0.024804177545691905	0.0639686684073107	0.05221932114882506	0.08093994778067885	0.0195822454308094	0.05221932114882506	0.037859007832898174	0.0391644908616188	0.0391644908616188	0.0835509138381201	0.06527415143603134	0.0639686684073107	0.02741514360313316	0.0731070496083551
sp|Q14152|EIF3A_HUMAN	0.049204052098408106	0.005065123010130246	0.1020260492040521	0.12952243125904486	0.017366136034732273	0.03979739507959479	0.016642547033285094	0.03256150506512301	0.06222865412445731	0.085383502170767	0.020984081041968163	0.027496382054992764	0.049204052098408106	0.049204052098408106	0.16280752532561504	0.049204052098408106	0.028219971056439943	0.0361794500723589	0.019536903039073805	0.017366136034732273
sp|Q04637|IF4G1_HUMAN	0.08630393996247655	0.008130081300813009	0.043777360850531584	0.10444027517198248	0.02564102564102564	0.0675422138836773	0.011882426516572859	0.04002501563477173	0.0600375234521576	0.08692933083176986	0.020012507817385866	0.02626641651031895	0.10131332082551595	0.0525328330206379	0.06128830519074421	0.07692307692307693	0.05128205128205128	0.05065666041275797	0.0075046904315197	0.017510944340212633
sp|O15371|EIF3D_HUMAN	0.051094890510948905	0.020072992700729927	0.07481751824817519	0.08576642335766424	0.04562043795620438	0.04744525547445255	0.012773722627737226	0.043795620437956206	0.07116788321167883	0.06569343065693431	0.025547445255474453	0.051094890510948905	0.03832116788321168	0.058394160583941604	0.07664233576642336	0.06934306569343066	0.04927007299270073	0.05656934306569343	0.01824817518248175	0.03832116788321168
sp|O75821|EIF3G_HUMAN	0.059375	0.015625	0.071875	0.0875	0.0375	0.075	0.009375	0.046875	0.090625	0.065625	0.015625	0.040625	0.071875	0.03125	0.059375	0.065625	0.08125	0.046875	0.0125	0.015625
sp|P13639|EF2_HUMAN	0.07226107226107226	0.019813519813519812	0.06060606060606061	0.07226107226107226	0.04079254079254079	0.07692307692307693	0.018648018648018648	0.06293706293706294	0.07575757575757576	0.08508158508158509	0.03263403263403263	0.03146853146853147	0.053613053613053616	0.0337995337995338	0.05128205128205128	0.05128205128205128	0.047785547785547784	0.08041958041958042	0.008158508158508158	0.024475524475524476
sp|Q13825|AUHM_HUMAN	0.15339233038348082	0.014749262536873156	0.035398230088495575	0.06489675516224189	0.014749262536873156	0.10619469026548672	0.008849557522123894	0.06489675516224189	0.06784660766961652	0.11209439528023599	0.02359882005899705	0.02359882005899705	0.05309734513274336	0.02064896755162242	0.06784660766961652	0.05604719764011799	0.02359882005899705	0.06489675516224189	0.008849557522123894	0.014749262536873156
sp|P42566|EPS15_HUMAN	0.07254464285714286	0.012276785714285714	0.07700892857142858	0.09263392857142858	0.046875	0.04241071428571429	0.013392857142857142	0.036830357142857144	0.06696428571428571	0.09933035714285714	0.012276785714285714	0.04575892857142857	0.07142857142857142	0.05022321428571429	0.027901785714285716	0.10825892857142858	0.05133928571428571	0.0546875	0.0078125	0.010044642857142858
sp|P09467|F16P1_HUMAN	0.08875739644970414	0.020710059171597635	0.07100591715976332	0.05029585798816568	0.03254437869822485	0.07988165680473373	0.014792899408284023	0.05029585798816568	0.07988165680473373	0.08875739644970414	0.03254437869822485	0.038461538461538464	0.047337278106508875	0.020710059171597635	0.038461538461538464	0.05917159763313609	0.05029585798816568	0.09171597633136094	0.0	0.04437869822485207
sp|P21266|GSTM3_HUMAN	0.04888888888888889	0.035555555555555556	0.07555555555555556	0.07555555555555556	0.06666666666666667	0.04	0.013333333333333334	0.057777777777777775	0.08	0.11555555555555555	0.035555555555555556	0.044444444444444446	0.04	0.04888888888888889	0.04888888888888889	0.04888888888888889	0.035555555555555556	0.02666666666666667	0.017777777777777778	0.044444444444444446
sp|P41250|GARS_HUMAN	0.07983761840324763	0.017591339648173207	0.056833558863328824	0.07713125845737483	0.05142083897158322	0.05953991880920163	0.02029769959404601	0.04871447902571042	0.07036535859269283	0.09607577807848444	0.02706359945872801	0.03382949932341001	0.05277401894451962	0.04059539918809202	0.05953991880920163	0.058186738836265225	0.044654939106901215	0.07171853856562922	0.005412719891745603	0.028416779431664412
sp|P55084|ECHB_HUMAN	0.12025316455696203	0.010548523206751054	0.046413502109704644	0.04219409282700422	0.04430379746835443	0.07383966244725738	0.0189873417721519	0.035864978902953586	0.07383966244725738	0.10126582278481013	0.04008438818565401	0.03164556962025317	0.052742616033755275	0.029535864978902954	0.046413502109704644	0.07383966244725738	0.06118143459915612	0.06540084388185655	0.006329113924050633	0.02531645569620253
sp|Q9H8X2|IPPK_HUMAN	0.048879837067209775	0.034623217922606926	0.05091649694501019	0.06720977596741344	0.04276985743380855	0.05702647657841141	0.032586558044806514	0.034623217922606926	0.07942973523421588	0.1120162932790224	0.02240325865580448	0.032586558044806514	0.054989816700611	0.04684317718940937	0.05702647657841141	0.07128309572301425	0.038696537678207736	0.06924643584521385	0.006109979633401222	0.04073319755600815
sp|Q5BJF6|ODFP2_HUMAN	0.07478890229191798	0.016887816646562123	0.054282267792521106	0.12062726176115803	0.013268998793727383	0.030156815440289506	0.020506634499396863	0.032569360675512665	0.10012062726176116	0.11338962605548854	0.030156815440289506	0.033775633293124246	0.021712907117008445	0.07599517490952955	0.07599517490952955	0.07720144752714113	0.045838359469240045	0.04463208685162847	0.0036188178528347406	0.014475271411338963
sp|Q9H307|PININ_HUMAN	0.040446304044630406	0.002789400278940028	0.043235704323570434	0.1506276150627615	0.012552301255230125	0.04881450488145049	0.015341701534170154	0.02510460251046025	0.08368200836820083	0.0599721059972106	0.019525801952580194	0.02789400278940028	0.04602510460251046	0.07391910739191074	0.10739191073919108	0.14504881450488144	0.03905160390516039	0.05439330543933055	0.001394700139470014	0.002789400278940028
sp|P14618|KPYM_HUMAN	0.1016949152542373	0.018832391713747645	0.054613935969868174	0.0696798493408663	0.032015065913371	0.07721280602636535	0.022598870056497175	0.07344632768361582	0.0696798493408663	0.07156308851224105	0.030131826741996232	0.032015065913371	0.04519774011299435	0.02824858757062147	0.0583804143126177	0.05273069679849341	0.054613935969868174	0.0847457627118644	0.005649717514124294	0.01694915254237288
sp|P26639|SYTC_HUMAN	0.05394190871369295	0.022130013831258646	0.05255878284923928	0.09820193637621023	0.05255878284923928	0.07192254495159059	0.02627939142461964	0.06085753803596127	0.08437067773167359	0.08160442600276625	0.02351313969571231	0.04149377593360996	0.042876901798063624	0.040110650069156296	0.05532503457814661	0.051175656984785614	0.040110650069156296	0.04702627939142462	0.017980636237897647	0.035961272475795295
sp|P60174|TPIS_HUMAN	0.11888111888111888	0.017482517482517484	0.05244755244755245	0.07342657342657342	0.03496503496503497	0.0979020979020979	0.017482517482517484	0.055944055944055944	0.06993006993006994	0.06643356643356643	0.013986013986013986	0.027972027972027972	0.038461538461538464	0.045454545454545456	0.038461538461538464	0.05244755244755245	0.05244755244755245	0.08741258741258741	0.02097902097902098	0.017482517482517484
sp|P45880|VDAC2_HUMAN	0.07142857142857142	0.030612244897959183	0.05782312925170068	0.04081632653061224	0.05102040816326531	0.11564625850340136	0.013605442176870748	0.04421768707482993	0.0782312925170068	0.0782312925170068	0.01020408163265306	0.05102040816326531	0.023809523809523808	0.027210884353741496	0.023809523809523808	0.0782312925170068	0.1054421768707483	0.05102040816326531	0.013605442176870748	0.034013605442176874
sp|Q9CW03|SMC3_MOUSE	0.05834018077239113	0.005751848808545604	0.056696795398520954	0.11914543960558752	0.03368940016433854	0.04437140509449466	0.015612161051766639	0.05094494658997535	0.10353327855382087	0.10106820049301561	0.02875924404272802	0.04683648315529992	0.016433853738701727	0.06902218570254724	0.06984387838948233	0.05916187345932621	0.04683648315529992	0.04601479046836483	0.003286770747740345	0.024650780608052588
sp|P06745|G6PI_MOUSE	0.07526881720430108	0.007168458781362007	0.043010752688172046	0.06272401433691756	0.05017921146953405	0.07168458781362007	0.03763440860215054	0.06093189964157706	0.07347670250896057	0.1003584229390681	0.026881720430107527	0.053763440860215055	0.043010752688172046	0.043010752688172046	0.035842293906810034	0.06093189964157706	0.05734767025089606	0.05197132616487455	0.021505376344086023	0.023297491039426525
sp|P43274|H14_MOUSE	0.2511415525114155	0.0	0.0045662100456621	0.0273972602739726	0.0045662100456621	0.0684931506849315	0.0	0.0091324200913242	0.2785388127853881	0.0410958904109589	0.0045662100456621	0.0136986301369863	0.0867579908675799	0.0045662100456621	0.0228310502283105	0.0730593607305936	0.0684931506849315	0.0365296803652968	0.0	0.0045662100456621
sp|P35846|FOLR1_MOUSE	0.058823529411764705	0.07058823529411765	0.0392156862745098	0.06274509803921569	0.03529411764705882	0.047058823529411764	0.047058823529411764	0.027450980392156862	0.043137254901960784	0.08235294117647059	0.03137254901960784	0.050980392156862744	0.047058823529411764	0.050980392156862744	0.0392156862745098	0.09803921568627451	0.050980392156862744	0.03529411764705882	0.054901960784313725	0.027450980392156862
sp|P31230|AIMP1_MOUSE	0.1032258064516129	0.01935483870967742	0.03870967741935484	0.1032258064516129	0.00967741935483871	0.04838709677419355	0.012903225806451613	0.04838709677419355	0.11612903225806452	0.08064516129032258	0.025806451612903226	0.035483870967741936	0.054838709677419356	0.05806451612903226	0.03870967741935484	0.054838709677419356	0.05161290322580645	0.08709677419354839	0.0032258064516129032	0.00967741935483871
sp|Q8R010|AIMP2_MOUSE	0.075	0.015625	0.04375	0.05	0.028125	0.053125	0.03125	0.03125	0.05625	0.128125	0.025	0.046875	0.05625	0.05	0.040625	0.084375	0.06875	0.078125	0.015625	0.021875
sp|Q9D1M4|MCA3_MOUSE	0.06896551724137931	0.005747126436781609	0.040229885057471264	0.06321839080459771	0.022988505747126436	0.05172413793103448	0.05172413793103448	0.05172413793103448	0.06896551724137931	0.14367816091954022	0.017241379310344827	0.04597701149425287	0.022988505747126436	0.05747126436781609	0.04597701149425287	0.07471264367816093	0.05172413793103448	0.05747126436781609	0.011494252873563218	0.04597701149425287
sp|P42227|STAT3_MOUSE	0.05714285714285714	0.01818181818181818	0.04285714285714286	0.07532467532467532	0.03896103896103896	0.05064935064935065	0.016883116883116882	0.053246753246753244	0.06103896103896104	0.10649350649350649	0.03506493506493506	0.04935064935064935	0.04415584415584416	0.07792207792207792	0.045454545454545456	0.06623376623376623	0.06103896103896104	0.053246753246753244	0.01948051948051948	0.02727272727272727
sp|P34960|MMP12_MOUSE	0.05919661733615222	0.012684989429175475	0.05708245243128964	0.035940803382663845	0.07822410147991543	0.052854122621564484	0.02959830866807611	0.052854122621564484	0.06765327695560254	0.0824524312896406	0.02748414376321353	0.03171247357293869	0.06553911205073996	0.042283298097251586	0.048625792811839326	0.07188160676532769	0.05496828752642706	0.048625792811839326	0.023255813953488372	0.05708245243128964
sp|P17710|HXK1_MOUSE	0.0513347022587269	0.023613963039014373	0.0646817248459959	0.07084188911704312	0.039014373716632446	0.08829568788501027	0.021560574948665298	0.053388090349075976	0.0646817248459959	0.09548254620123203	0.037987679671457907	0.03285420944558522	0.03285420944558522	0.03182751540041068	0.06365503080082136	0.06570841889117043	0.060574948665297744	0.07597535934291581	0.00513347022587269	0.02053388090349076
sp|Q9EQQ9|OGA_MOUSE	0.07205240174672489	0.02074235807860262	0.05458515283842795	0.09716157205240175	0.04475982532751092	0.056768558951965066	0.013100436681222707	0.04694323144104803	0.06441048034934498	0.08406113537117904	0.034934497816593885	0.03056768558951965	0.060043668122270744	0.0425764192139738	0.039301310043668124	0.07532751091703056	0.04475982532751092	0.06768558951965066	0.014192139737991267	0.036026200873362446
sp|P61459|PHS_RAT	0.10576923076923077	0.009615384615384616	0.04807692307692308	0.08653846153846154	0.07692307692307693	0.04807692307692308	0.057692307692307696	0.038461538461538464	0.04807692307692308	0.09615384615384616	0.028846153846153848	0.057692307692307696	0.019230769230769232	0.038461538461538464	0.0673076923076923	0.04807692307692308	0.038461538461538464	0.057692307692307696	0.019230769230769232	0.009615384615384616
sp|P63159|HMGB1_RAT	0.08837209302325581	0.013953488372093023	0.09302325581395349	0.16744186046511628	0.04186046511627907	0.05116279069767442	0.013953488372093023	0.018604651162790697	0.2	0.018604651162790697	0.027906976744186046	0.018604651162790697	0.06046511627906977	0.009302325581395349	0.037209302325581395	0.05116279069767442	0.023255813953488372	0.023255813953488372	0.009302325581395349	0.03255813953488372
sp|P17256|KIME_RAT	0.09873417721518987	0.02278481012658228	0.03291139240506329	0.060759493670886074	0.012658227848101266	0.09620253164556962	0.02531645569620253	0.0379746835443038	0.05063291139240506	0.1518987341772152	0.020253164556962026	0.030379746835443037	0.053164556962025315	0.0379746835443038	0.0379746835443038	0.07088607594936709	0.04556962025316456	0.08354430379746836	0.015189873417721518	0.015189873417721518
sp|Q5XIM7|SYK_RAT	0.06389776357827476	0.01437699680511182	0.051118210862619806	0.09584664536741214	0.04153354632587859	0.05910543130990415	0.027156549520766772	0.06070287539936102	0.07028753993610223	0.09904153354632587	0.03354632587859425	0.03194888178913738	0.052715654952076675	0.036741214057507986	0.06389776357827476	0.04313099041533546	0.0670926517571885	0.04792332268370607	0.006389776357827476	0.03354632587859425
sp|P07335|KCRB_RAT	0.05249343832020997	0.013123359580052493	0.08136482939632546	0.06561679790026247	0.04461942257217848	0.08398950131233596	0.03674540682414698	0.03937007874015748	0.05249343832020997	0.10761154855643044	0.028871391076115485	0.04199475065616798	0.05511811023622047	0.03937007874015748	0.05511811023622047	0.06036745406824147	0.047244094488188976	0.06036745406824147	0.010498687664041995	0.023622047244094488
sp|P08037|B4GT1_BOVIN	0.05970149253731343	0.017412935323383085	0.04477611940298507	0.03233830845771144	0.03731343283582089	0.07960199004975124	0.02736318407960199	0.0472636815920398	0.04228855721393035	0.10696517412935323	0.02736318407960199	0.04975124378109453	0.08955223880597014	0.04477611940298507	0.06716417910447761	0.07462686567164178	0.03482587064676617	0.06218905472636816	0.007462686567164179	0.0472636815920398
sp|P14755|CRYL1_RABIT	0.07523510971786834	0.0219435736677116	0.0438871473354232	0.07210031347962383	0.025078369905956112	0.06583072100313479	0.0219435736677116	0.05329153605015674	0.05642633228840126	0.11598746081504702	0.034482758620689655	0.0219435736677116	0.05642633228840126	0.04075235109717868	0.05956112852664577	0.09404388714733543	0.025078369905956112	0.08463949843260188	0.009404388714733543	0.0219435736677116
sp|P11415|QOR_CAVPO	0.0911854103343465	0.015197568389057751	0.0364741641337386	0.060790273556231005	0.03343465045592705	0.10638297872340426	0.030395136778115502	0.07598784194528875	0.057750759878419454	0.0729483282674772	0.0182370820668693	0.02735562310030395	0.0364741641337386	0.0364741641337386	0.0425531914893617	0.0729483282674772	0.057750759878419454	0.09422492401215805	0.00303951367781155	0.030395136778115502
sp|Q01217|ARG56_YEAST	0.0776361529548088	0.009269988412514484	0.05214368482039398	0.055619930475086905	0.03476245654692932	0.07184241019698726	0.01738122827346466	0.07415990730011587	0.07184241019698726	0.09154113557358054	0.010428736964078795	0.055619930475086905	0.039397450753186555	0.03244495944380069	0.04171494785631518	0.0880648899188876	0.04866743916570104	0.07995365005793743	0.009269988412514484	0.038238702201622246
sp|P23202|URE2_YEAST	0.07062146892655367	0.0	0.0423728813559322	0.059322033898305086	0.05367231638418079	0.05367231638418079	0.031073446327683617	0.05084745762711865	0.031073446327683617	0.07344632768361582	0.02824858757062147	0.12994350282485875	0.03389830508474576	0.05084745762711865	0.05367231638418079	0.07627118644067797	0.04519774011299435	0.06779661016949153	0.01694915254237288	0.031073446327683617
sp|P03069|GCN4_YEAST	0.06761565836298933	0.0	0.07829181494661921	0.08540925266903915	0.03914590747330961	0.021352313167259787	0.014234875444839857	0.03202846975088968	0.08185053380782918	0.09608540925266904	0.017793594306049824	0.046263345195729534	0.0711743772241993	0.028469750889679714	0.046263345195729534	0.1103202846975089	0.0711743772241993	0.07473309608540925	0.0035587188612099642	0.014234875444839857
sp|P07250|IPMK_YEAST	0.04225352112676056	0.005633802816901409	0.12112676056338029	0.07887323943661972	0.03943661971830986	0.059154929577464786	0.014084507042253521	0.05352112676056338	0.07887323943661972	0.11549295774647887	0.02535211267605634	0.04507042253521127	0.030985915492957747	0.02535211267605634	0.04507042253521127	0.09014084507042254	0.04507042253521127	0.03943661971830986	0.005633802816901409	0.03943661971830986
sp|P38011|GBLP_YEAST	0.109717868338558	0.006269592476489028	0.07836990595611286	0.02821316614420063	0.03134796238244514	0.06896551724137931	0.0219435736677116	0.050156739811912224	0.05956112852664577	0.09090909090909091	0.0219435736677116	0.047021943573667714	0.025078369905956112	0.03761755485893417	0.03134796238244514	0.0877742946708464	0.07210031347962383	0.07523510971786834	0.034482758620689655	0.0219435736677116
sp|P14120|RL30_YEAST	0.0761904761904762	0.0	0.01904761904761905	0.047619047619047616	0.01904761904761905	0.08571428571428572	0.0	0.06666666666666667	0.11428571428571428	0.12380952380952381	0.01904761904761905	0.0380952380952381	0.01904761904761905	0.0380952380952381	0.02857142857142857	0.09523809523809523	0.06666666666666667	0.08571428571428572	0.0	0.05714285714285714
sp|P04807|HXKB_YEAST	0.06995884773662552	0.00823045267489712	0.06995884773662552	0.06584362139917696	0.04938271604938271	0.08436213991769548	0.0102880658436214	0.0823045267489712	0.0720164609053498	0.0720164609053498	0.026748971193415638	0.03909465020576132	0.059670781893004114	0.04526748971193416	0.03909465020576132	0.051440329218107	0.06172839506172839	0.051440329218107	0.00823045267489712	0.03292181069958848
sp|P00044|CYC1_YEAST	0.06422018348623854	0.027522935779816515	0.03669724770642202	0.06422018348623854	0.03669724770642202	0.11009174311926606	0.03669724770642202	0.03669724770642202	0.14678899082568808	0.07339449541284404	0.027522935779816515	0.06422018348623854	0.03669724770642202	0.01834862385321101	0.027522935779816515	0.03669724770642202	0.07339449541284404	0.027522935779816515	0.009174311926605505	0.045871559633027525
sp|P43593|UBP6_YEAST	0.04609218436873747	0.01002004008016032	0.052104208416833664	0.09218436873747494	0.052104208416833664	0.05410821643286573	0.014028056112224449	0.05410821643286573	0.10020040080160321	0.0841683366733467	0.022044088176352707	0.06212424849699399	0.03807615230460922	0.052104208416833664	0.04208416833667335	0.0781563126252505	0.04809619238476954	0.05811623246492986	0.006012024048096192	0.03406813627254509
sp|P28241|IDH2_YEAST	0.07859078590785908	0.008130081300813009	0.04065040650406504	0.051490514905149054	0.03523035230352303	0.07588075880758807	0.018970189701897018	0.07859078590785908	0.05420054200542006	0.0921409214092141	0.01084010840108401	0.056910569105691054	0.05420054200542006	0.018970189701897018	0.04878048780487805	0.08943089430894309	0.08130081300813008	0.07859078590785908	0.0027100271002710027	0.024390243902439025
sp|P48570|HOSC_YEAST	0.09813084112149532	0.018691588785046728	0.0794392523364486	0.0514018691588785	0.037383177570093455	0.05841121495327103	0.02570093457943925	0.08644859813084112	0.08411214953271028	0.07242990654205607	0.014018691588785047	0.05841121495327103	0.035046728971962614	0.018691588785046728	0.04439252336448598	0.056074766355140186	0.0514018691588785	0.0794392523364486	0.002336448598130841	0.028037383177570093
sp|P14540|ALF_YEAST	0.09192200557103064	0.013927576601671309	0.05013927576601671	0.08635097493036212	0.04178272980501393	0.08356545961002786	0.033426183844011144	0.06406685236768803	0.07520891364902507	0.06685236768802229	0.022284122562674095	0.05013927576601671	0.04456824512534819	0.025069637883008356	0.027855153203342618	0.055710306406685235	0.055710306406685235	0.06128133704735376	0.008356545961002786	0.04178272980501393
sp|Q12309|CLF1_YEAST	0.05240174672489083	0.005822416302765648	0.06259097525473072	0.10771470160116449	0.046579330422125184	0.026200873362445413	0.013100436681222707	0.07423580786026202	0.08733624454148471	0.10043668122270742	0.017467248908296942	0.040756914119359534	0.026200873362445413	0.05240174672489083	0.0611353711790393	0.053857350800582245	0.040756914119359534	0.049490538573508006	0.02911208151382824	0.05240174672489083
sp|P06168|ILV5_YEAST	0.08354430379746836	0.007594936708860759	0.05063291139240506	0.06582278481012659	0.04050632911392405	0.08607594936708861	0.012658227848101266	0.04556962025316456	0.07088607594936709	0.08607594936708861	0.020253164556962026	0.04556962025316456	0.04050632911392405	0.030379746835443037	0.06582278481012659	0.05569620253164557	0.06582278481012659	0.060759493670886074	0.017721518987341773	0.04810126582278481
sp|P39533|ACON2_YEAST	0.07604562737642585	0.011406844106463879	0.059569074778200254	0.057034220532319393	0.04055766793409379	0.08238276299112801	0.020278833967046894	0.06463878326996197	0.07731305449936629	0.08491761723700887	0.021546261089987327	0.06337135614702155	0.051964512040557666	0.031685678073510776	0.034220532319391636	0.06844106463878327	0.06844106463878327	0.048162230671736375	0.011406844106463879	0.026615969581749048
sp|P00812|ARGI_YEAST	0.07807807807807808	0.018018018018018018	0.06306306306306306	0.06006006006006006	0.018018018018018018	0.10510510510510511	0.03003003003003003	0.06306306306306306	0.06606606606606606	0.10510510510510511	0.03003003003003003	0.03903903903903904	0.05405405405405406	0.012012012012012012	0.024024024024024024	0.06606606606606606	0.04804804804804805	0.07807807807807808	0.009009009009009009	0.03303303303303303
sp|P11325|SYLM_YEAST	0.05480984340044743	0.013422818791946308	0.05704697986577181	0.06263982102908278	0.05145413870246085	0.052572706935123045	0.017897091722595078	0.06711409395973154	0.0894854586129754	0.07941834451901567	0.026845637583892617	0.052572706935123045	0.06040268456375839	0.03803131991051454	0.039149888143176735	0.06599552572706935	0.05145413870246085	0.06823266219239374	0.021252796420581657	0.030201342281879196
sp|P36024|SIS2_YEAST	0.0498220640569395	0.005338078291814947	0.11387900355871886	0.0693950177935943	0.014234875444839857	0.04092526690391459	0.014234875444839857	0.06583629893238434	0.0800711743772242	0.06227758007117438	0.028469750889679714	0.06227758007117438	0.06583629893238434	0.0498220640569395	0.03202846975088968	0.08718861209964412	0.0800711743772242	0.05516014234875445	0.012455516014234875	0.010676156583629894
sp|Q08438|VHS3_YEAST	0.05192878338278932	0.002967359050445104	0.1261127596439169	0.06231454005934718	0.028189910979228485	0.06231454005934718	0.016320474777448073	0.050445103857566766	0.07270029673590504	0.05934718100890208	0.025222551928783383	0.0712166172106825	0.05192878338278932	0.02967359050445104	0.03560830860534125	0.1142433234421365	0.06973293768545995	0.05341246290801187	0.008902077151335312	0.00741839762611276
sp|P0CX45|RL2A_YEAST	0.09055118110236221	0.0	0.03543307086614173	0.031496062992125984	0.01968503937007874	0.1377952755905512	0.03937007874015748	0.07086614173228346	0.07480314960629922	0.06299212598425197	0.007874015748031496	0.04330708661417323	0.04330708661417323	0.031496062992125984	0.10236220472440945	0.05905511811023622	0.03937007874015748	0.07874015748031496	0.003937007874015748	0.027559055118110236
